0.42 CYX 1.4 0.3
0.02 GLY 0.85 0.03
0.73 VAL 1.6 0.45
0.2 PRO 1.43 0.14
0.52 ALA 1.13 0.46
0.51 ILE 1.82 0.28
1.15 GLN 1.89 0.61
0.34 PRO 1.43 0.24
1.01 VAL 1.6 0.63
0.67 LEU 1.8 0.37
0.57 SER 1.22 0.46
0.51 GLY 0.85 0.6
0.96 LEU 1.8 0.53
0.05 SER 1.22 0.04
1.56 ARG 2.41 0.65
0.82 ILE 1.82 0.45
0.98 VAL 1.6 0.61
0.46 ASN 1.58 0.29
0.23 GLY 0.85 0.27
0.42 GLU 1.83 0.23
0.92 GLU 1.83 0.5
0.11 ALA 1.13 0.1
0.6 VAL 1.6 0.38
0.71 PRO 1.43 0.49
0.26 GLY 0.85 0.31
0.02 SER 1.22 0.02
0.14 TRP 2.59 0.05
0.11 PRO 1.43 0.08
0.07 TRP 2.59 0.03
0.23 GLN 1.89 0.12
0.03 VAL 1.6 0.02
0.07 SER 1.22 0.05
0.03 LEU 1.8 0.02
0.37 GLN 1.89 0.2
0.41 ASP 1.51 0.27
1.58 LYS 2.11 0.75
1.0 THR 1.46 0.68
0.45 GLY 0.85 0.53
1.29 PHE 2.18 0.59
0.39 HIS 1.94 0.2
0.5 PHE 2.18 0.23
0.11 CYX 1.4 0.08
0.0 GLY 0.85 0.0
0.0 GLY 0.85 0.0
0.05 SER 1.22 0.04
0.0 LEU 1.8 0.0
0.1 ILE 1.82 0.06
0.37 ASN 1.58 0.24
0.7 GLU 1.83 0.38
0.51 ASN 1.58 0.32
0.16 TRP 2.59 0.06
0.0 VAL 1.6 0.0
0.09 VAL 1.6 0.06
0.0 THR 1.46 0.0
0.06 ALA 1.13 0.05
0.15 ALA 1.13 0.13
0.69 HIS 1.94 0.36
0.23 CYX 1.4 0.17
0.52 GLY 0.85 0.61
0.18 VAL 1.6 0.11
0.63 THR 1.46 0.43
0.74 THR 1.46 0.5
0.69 SER 1.22 0.56
0.26 ASP 1.51 0.17
0.42 VAL 1.6 0.26
0.0 VAL 1.6 0.0
0.07 VAL 1.6 0.04
0.0 ALA 1.13 0.0
0.36 GLY 0.85 0.43
0.52 GLU 1.83 0.29
0.3 PHE 2.18 0.14
0.29 ASP 1.51 0.19
0.67 GLN 1.89 0.35
0.49 GLY 0.85 0.58
0.52 SER 1.22 0.43
1.15 SER 1.22 0.94
0.96 SER 1.22 0.79
0.52 GLU 1.83 0.28
1.88 LYS 2.11 0.89
0.63 ILE 1.82 0.35
0.51 GLN 1.89 0.27
1.38 LYS 2.11 0.65
0.13 LEU 1.8 0.07
1.16 LYS 2.11 0.55
0.2 ILE 1.82 0.11
0.55 ALA 1.13 0.49
0.9 LYS 2.11 0.43
0.31 VAL 1.6 0.19
0.46 PHE 2.18 0.21
1.27 LYS 2.11 0.6
0.18 ASN 1.58 0.12
1.11 SER 1.22 0.91
1.37 LYS 2.11 0.65
0.53 TYR 2.29 0.23
0.58 ASN 1.58 0.37
0.75 SER 1.22 0.62
1.46 LEU 1.8 0.81
0.55 THR 1.46 0.37
0.71 ILE 1.82 0.39
0.22 ASN 1.58 0.14
0.33 ASN 1.58 0.21
0.03 ASP 1.51 0.02
0.07 ILE 1.82 0.04
0.15 THR 1.46 0.1
0.0 LEU 1.8 0.0
0.0 LEU 1.8 0.0
0.62 LYS 2.11 0.29
0.15 LEU 1.8 0.08
0.68 SER 1.22 0.56
0.51 THR 1.46 0.35
0.64 ALA 1.13 0.57
0.13 ALA 1.13 0.11
0.45 SER 1.22 0.37
0.23 PHE 2.18 0.1
0.63 SER 1.22 0.51
1.23 GLN 1.89 0.65
0.54 THR 1.46 0.37
0.07 VAL 1.6 0.04
0.16 SER 1.22 0.13
0.15 ALA 1.13 0.13
0.05 VAL 1.6 0.03
0.03 CYX 1.4 0.02
0.4 LEU 1.8 0.22
0.15 PRO 1.43 0.1
0.53 SER 1.22 0.44
0.64 ALA 1.13 0.57
1.01 SER 1.22 0.83
0.4 ASP 1.51 0.26
1.17 ASP 1.51 0.77
0.53 PHE 2.18 0.25
0.55 ALA 1.13 0.49
0.61 ALA 1.13 0.54
0.49 GLY 0.85 0.57
0.5 THR 1.46 0.35
0.94 THR 1.46 0.64
0.0 CYX 1.4 0.0
0.1 VAL 1.6 0.06
0.02 THR 1.46 0.02
0.22 THR 1.46 0.15
0.02 GLY 0.85 0.03
0.16 TRP 2.59 0.06
0.07 GLY 0.85 0.08
0.39 LEU 1.8 0.22
0.51 THR 1.46 0.35
1.11 ARG 2.41 0.46
0.52 TYR 2.29 0.23
1.13 THR 1.46 0.77
1.24 ASN 1.58 0.79
0.65 ALA 1.13 0.58
0.96 ASN 1.58 0.61
0.38 THR 1.46 0.26
0.82 PRO 1.43 0.57
0.5 ASP 1.51 0.33
0.88 ARG 2.41 0.36
0.17 LEU 1.8 0.09
0.22 GLN 1.89 0.11
0.05 GLN 1.89 0.02
0.07 ALA 1.13 0.06
0.18 SER 1.22 0.15
0.12 LEU 1.8 0.07
0.43 PRO 1.43 0.3
0.06 LEU 1.8 0.03
0.33 LEU 1.8 0.19
0.4 SER 1.22 0.33
0.35 ASN 1.58 0.22
0.88 THR 1.46 0.6
0.6 ASN 1.58 0.38
0.03 CYX 1.4 0.02
0.85 LYS 2.11 0.4
0.85 LYS 2.11 0.4
1.03 TYR 2.29 0.45
0.59 TRP 2.59 0.23
0.3 GLY 0.85 0.35
1.14 THR 1.46 0.78
1.12 LYS 2.11 0.53
0.13 ILE 1.82 0.07
0.76 LYS 2.11 0.36
1.2 ASP 1.51 0.8
0.11 ALA 1.13 0.1
0.1 MET 2.04 0.05
0.2 ILE 1.82 0.11
0.03 CYX 1.4 0.02
0.02 ALA 1.13 0.02
0.09 GLY 0.85 0.11
0.25 ALA 1.13 0.22
0.81 SER 1.22 0.66
0.37 GLY 0.85 0.43
0.18 VAL 1.6 0.11
0.03 SER 1.22 0.03
0.37 SER 1.22 0.31
0.16 CYX 1.4 0.11
0.0 MET 2.04 0.0
0.06 GLY 0.85 0.07
0.18 ASP 1.51 0.12
0.35 SER 1.22 0.29
0.05 GLY 0.85 0.06
0.03 GLY 0.85 0.04
0.1 PRO 1.43 0.07
0.0 LEU 1.8 0.0
0.07 VAL 1.6 0.04
0.07 CYX 1.4 0.05
1.26 LYS 2.11 0.6
0.6 LYS 2.11 0.28
1.25 ASN 1.58 0.79
0.51 GLY 0.85 0.6
0.07 ALA 1.13 0.06
0.38 TRP 2.59 0.15
0.15 THR 1.46 0.1
0.07 LEU 1.8 0.04
0.09 VAL 1.6 0.06
0.02 GLY 0.85 0.03
0.07 ILE 1.82 0.04
0.26 VAL 1.6 0.17
0.09 SER 1.22 0.08
0.71 TRP 2.59 0.27
0.34 GLY 0.85 0.41
0.71 SER 1.22 0.58
0.91 SER 1.22 0.75
0.97 THR 1.46 0.66
0.65 CYX 1.4 0.46
0.31 SER 1.22 0.25
0.58 THR 1.46 0.4
0.71 SER 1.22 0.58
0.41 THR 1.46 0.28
0.06 PRO 1.43 0.04
0.1 GLY 0.85 0.12
0.05 VAL 1.6 0.03
0.12 TYR 2.29 0.05
0.1 ALA 1.13 0.09
0.65 ARG 2.41 0.27
0.19 VAL 1.6 0.12
0.27 THR 1.46 0.18
0.62 ALA 1.13 0.55
0.23 LEU 1.8 0.13
0.1 VAL 1.6 0.06
0.91 ASN 1.58 0.58
0.56 TRP 2.59 0.22
0.2 VAL 1.6 0.12
0.53 GLN 1.89 0.28
1.11 GLN 1.89 0.59
0.26 THR 1.46 0.18
0.18 LEU 1.8 0.1
0.65 ALA 1.13 0.57
0.74 ALA 1.13 0.66
0.83 ASN 1.58 0.53
0.94 CYX 1.4 0.67
0.02 GLY 0.85 0.03
1.05 VAL 1.6 0.66
0.14 PRO 1.43 0.1
0.62 ALA 1.13 0.55
0.52 ILE 1.82 0.29
1.0 GLN 1.89 0.53
0.31 PRO 1.43 0.22
0.54 VAL 1.6 0.34
0.65 LEU 1.8 0.36
0.25 SER 1.22 0.2
0.3 GLY 0.85 0.36
0.32 LEU 1.8 0.18
0.05 SER 1.22 0.04
1.37 ARG 2.41 0.57
0.39 ILE 1.82 0.21
0.63 VAL 1.6 0.39
0.68 ASN 1.58 0.43
0.17 GLY 0.85 0.19
0.27 GLU 1.83 0.15
0.47 GLU 1.83 0.26
0.06 ALA 1.13 0.05
0.12 VAL 1.6 0.08
0.66 PRO 1.43 0.46
0.34 GLY 0.85 0.41
0.02 SER 1.22 0.02
0.14 TRP 2.59 0.05
0.17 PRO 1.43 0.12
0.08 TRP 2.59 0.03
0.2 GLN 1.89 0.11
0.03 VAL 1.6 0.02
0.0 SER 1.22 0.0
0.03 LEU 1.8 0.02
0.24 GLN 1.89 0.13
0.52 ASP 1.51 0.35
1.6 LYS 2.11 0.76
1.17 THR 1.46 0.8
0.45 GLY 0.85 0.53
1.12 PHE 2.18 0.52
0.33 HIS 1.94 0.17
0.75 PHE 2.18 0.34
0.04 CYX 1.4 0.03
0.07 GLY 0.85 0.08
0.0 GLY 0.85 0.0
0.05 SER 1.22 0.04
0.03 LEU 1.8 0.02
0.35 ILE 1.82 0.19
0.43 ASN 1.58 0.27
0.63 GLU 1.83 0.35
0.73 ASN 1.58 0.46
0.15 TRP 2.59 0.06
0.0 VAL 1.6 0.0
0.16 VAL 1.6 0.1
0.03 THR 1.46 0.02
0.02 ALA 1.13 0.02
0.09 ALA 1.13 0.08
0.63 HIS 1.94 0.33
0.1 CYX 1.4 0.07
0.59 GLY 0.85 0.69
0.18 VAL 1.6 0.12
0.72 THR 1.46 0.49
0.75 THR 1.46 0.51
0.81 SER 1.22 0.66
0.25 ASP 1.51 0.17
0.4 VAL 1.6 0.25
0.0 VAL 1.6 0.0
0.07 VAL 1.6 0.04
0.06 ALA 1.13 0.05
0.32 GLY 0.85 0.38
0.26 GLU 1.83 0.14
0.36 PHE 2.18 0.17
0.25 ASP 1.51 0.17
0.51 GLN 1.89 0.27
0.6 GLY 0.85 0.7
0.49 SER 1.22 0.4
1.1 SER 1.22 0.91
0.92 SER 1.22 0.76
0.5 GLU 1.83 0.27
1.71 LYS 2.11 0.81
0.65 ILE 1.82 0.36
0.51 GLN 1.89 0.27
1.37 LYS 2.11 0.65
0.13 LEU 1.8 0.07
1.28 LYS 2.11 0.61
0.18 ILE 1.82 0.1
0.46 ALA 1.13 0.41
1.05 LYS 2.11 0.5
0.61 VAL 1.6 0.38
0.4 PHE 2.18 0.18
1.25 LYS 2.11 0.59
0.05 ASN 1.58 0.03
1.05 SER 1.22 0.86
1.33 LYS 2.11 0.63
0.45 TYR 2.29 0.2
0.47 ASN 1.58 0.3
0.55 SER 1.22 0.45
1.14 LEU 1.8 0.63
0.7 THR 1.46 0.48
0.48 ILE 1.82 0.26
0.22 ASN 1.58 0.14
0.39 ASN 1.58 0.25
0.03 ASP 1.51 0.02
0.03 ILE 1.82 0.02
0.09 THR 1.46 0.06
0.0 LEU 1.8 0.0
0.0 LEU 1.8 0.0
0.61 LYS 2.11 0.29
0.13 LEU 1.8 0.07
0.66 SER 1.22 0.55
0.56 THR 1.46 0.38
0.6 ALA 1.13 0.53
0.1 ALA 1.13 0.09
0.7 SER 1.22 0.58
0.74 PHE 2.18 0.34
0.67 SER 1.22 0.55
1.07 GLN 1.89 0.56
0.57 THR 1.46 0.39
0.1 VAL 1.6 0.06
0.42 SER 1.22 0.34
0.11 ALA 1.13 0.1
0.07 VAL 1.6 0.04
0.3 CYX 1.4 0.22
0.75 LEU 1.8 0.42
0.24 PRO 1.43 0.16
0.59 SER 1.22 0.49
0.54 ALA 1.13 0.48
0.87 SER 1.22 0.72
0.49 ASP 1.51 0.32
0.99 ASP 1.51 0.65
0.55 PHE 2.18 0.25
0.55 ALA 1.13 0.49
0.76 ALA 1.13 0.67
0.51 GLY 0.85 0.6
0.51 THR 1.46 0.35
0.65 THR 1.46 0.45
0.07 CYX 1.4 0.05
0.12 VAL 1.6 0.08
0.09 THR 1.46 0.06
0.13 THR 1.46 0.09
0.02 GLY 0.85 0.03
0.07 TRP 2.59 0.03
0.16 GLY 0.85 0.19
0.56 LEU 1.8 0.31
0.48 THR 1.46 0.33
1.72 ARG 2.41 0.71
1.37 TYR 2.29 0.6
1.09 THR 1.46 0.75
1.26 ASN 1.58 0.8
0.68 ALA 1.13 0.6
1.1 ASN 1.58 0.7
0.93 THR 1.46 0.64
0.59 PRO 1.43 0.41
0.35 ASP 1.51 0.23
0.47 ARG 2.41 0.2
0.13 LEU 1.8 0.07
0.45 GLN 1.89 0.24
0.07 GLN 1.89 0.04
0.0 ALA 1.13 0.0
0.16 SER 1.22 0.13
0.17 LEU 1.8 0.09
0.4 PRO 1.43 0.28
0.08 LEU 1.8 0.04
0.37 LEU 1.8 0.2
0.55 SER 1.22 0.45
0.37 ASN 1.58 0.24
1.04 THR 1.46 0.71
0.5 ASN 1.58 0.32
0.0 CYX 1.4 0.0
1.02 LYS 2.11 0.49
1.5 LYS 2.11 0.71
0.99 TYR 2.29 0.43
0.64 TRP 2.59 0.25
0.33 GLY 0.85 0.39
1.09 THR 1.46 0.75
1.09 LYS 2.11 0.51
0.14 ILE 1.82 0.08
0.74 LYS 2.11 0.35
1.1 ASP 1.51 0.73
0.18 ALA 1.13 0.16
0.07 MET 2.04 0.03
0.2 ILE 1.82 0.11
0.09 CYX 1.4 0.06
0.0 ALA 1.13 0.0
0.06 GLY 0.85 0.07
0.29 ALA 1.13 0.25
0.58 SER 1.22 0.48
0.3 GLY 0.85 0.36
0.08 VAL 1.6 0.05
0.14 SER 1.22 0.11
0.35 SER 1.22 0.29
0.28 CYX 1.4 0.2
0.07 MET 2.04 0.03
0.17 GLY 0.85 0.21
0.16 ASP 1.51 0.11
0.38 SER 1.22 0.31
0.02 GLY 0.85 0.03
0.02 GLY 0.85 0.03
0.16 PRO 1.43 0.11
0.03 LEU 1.8 0.02
0.07 VAL 1.6 0.04
0.1 CYX 1.4 0.07
1.07 LYS 2.11 0.51
0.71 LYS 2.11 0.34
1.47 ASN 1.58 0.93
0.59 GLY 0.85 0.69
0.17 ALA 1.13 0.15
0.31 TRP 2.59 0.12
0.11 THR 1.46 0.08
0.07 LEU 1.8 0.04
0.08 VAL 1.6 0.05
0.0 GLY 0.85 0.0
0.07 ILE 1.82 0.04
0.23 VAL 1.6 0.14
0.1 SER 1.22 0.09
0.58 TRP 2.59 0.22
0.39 GLY 0.85 0.46
0.23 SER 1.22 0.19
1.01 SER 1.22 0.83
1.05 THR 1.46 0.72
0.4 CYX 1.4 0.28
0.36 SER 1.22 0.29
0.56 THR 1.46 0.38
0.7 SER 1.22 0.57
0.42 THR 1.46 0.29
0.03 PRO 1.43 0.02
0.06 GLY 0.85 0.07
0.03 VAL 1.6 0.02
0.06 TYR 2.29 0.02
0.1 ALA 1.13 0.09
0.56 ARG 2.41 0.23
0.1 VAL 1.6 0.06
0.43 THR 1.46 0.29
0.56 ALA 1.13 0.49
0.23 LEU 1.8 0.13
0.1 VAL 1.6 0.06
0.87 ASN 1.58 0.55
0.62 TRP 2.59 0.24
0.1 VAL 1.6 0.06
0.99 GLN 1.89 0.52
1.2 GLN 1.89 0.64
0.2 THR 1.46 0.14
0.52 LEU 1.8 0.29
0.91 ALA 1.13 0.81
0.72 ALA 1.13 0.63
0.78 ASN 1.58 0.49
