1.33 ALA 1.13 1.18
1.12 PRO 1.43 0.79
1.09 PRO 1.43 0.76
1.49 LYS 2.11 0.71
0.55 SER 1.22 0.45
0.59 VAL 1.6 0.37
0.2 ILE 1.82 0.11
0.61 ARG 2.41 0.25
0.33 TRP 2.59 0.13
0.06 CYX 1.4 0.04
0.02 THR 1.46 0.02
0.76 ILE 1.82 0.42
0.37 SER 1.22 0.3
0.73 SER 1.22 0.6
0.75 PRO 1.43 0.53
0.25 GLU 1.83 0.14
0.26 GLU 1.83 0.14
1.11 LYS 2.11 0.52
0.48 LYS 2.11 0.23
0.12 CYX 1.4 0.08
0.55 ASN 1.58 0.35
0.77 ASN 1.58 0.49
0.46 LEU 1.8 0.26
0.94 ARG 2.41 0.39
0.58 ASP 1.51 0.38
0.56 LEU 1.8 0.31
0.1 THR 1.46 0.07
1.01 GLN 1.89 0.53
1.37 GLN 1.89 0.72
0.68 GLU 1.83 0.37
1.2 ARG 2.41 0.5
0.17 ILE 1.82 0.09
0.41 SER 1.22 0.34
0.41 LEU 1.8 0.23
0.64 THR 1.46 0.44
0.33 CYX 1.4 0.24
0.59 VAL 1.6 0.37
0.66 GLN 1.89 0.35
0.58 LYS 2.11 0.28
0.85 ALA 1.13 0.75
0.62 THR 1.46 0.42
0.49 TYR 2.29 0.21
0.78 LEU 1.8 0.44
0.75 ASP 1.51 0.49
0.0 CYX 1.4 0.0
0.13 ILE 1.82 0.07
1.05 LYS 2.11 0.5
0.17 ALA 1.13 0.15
0.0 ILE 1.82 0.0
0.23 ALA 1.13 0.2
0.83 ASN 1.58 0.52
0.78 ASN 1.58 0.5
1.18 GLU 1.83 0.64
0.1 ALA 1.13 0.09
0.1 ASP 1.51 0.07
0.13 ALA 1.13 0.12
0.17 ILE 1.82 0.09
0.25 SER 1.22 0.21
0.23 LEU 1.8 0.13
0.56 ASP 1.51 0.37
0.15 GLY 0.85 0.17
0.33 GLY 0.85 0.39
0.46 GLN 1.89 0.24
0.25 ALA 1.13 0.22
0.2 PHE 2.18 0.09
0.73 GLU 1.83 0.4
0.06 ALA 1.13 0.05
0.18 GLY 0.85 0.22
0.5 LEU 1.8 0.28
0.61 ALA 1.13 0.54
1.04 PRO 1.43 0.73
0.83 TYR 2.29 0.36
1.26 LYS 2.11 0.6
0.07 LEU 1.8 0.04
0.62 LYS 2.11 0.29
0.19 PRO 1.43 0.13
0.5 ILE 1.82 0.27
0.17 ALA 1.13 0.15
0.03 ALA 1.13 0.03
0.17 GLU 1.83 0.09
0.23 VAL 1.6 0.14
0.22 TYR 2.29 0.1
1.19 GLU 1.83 0.65
1.01 HIS 1.94 0.52
1.08 THR 1.46 0.74
1.2 GLU 1.83 0.66
0.59 GLY 0.85 0.7
0.76 SER 1.22 0.62
0.2 THR 1.46 0.14
0.15 THR 1.46 0.1
0.1 SER 1.22 0.08
0.67 TYR 2.29 0.29
0.34 TYR 2.29 0.15
0.1 ALA 1.13 0.09
0.17 VAL 1.6 0.11
0.07 ALA 1.13 0.06
0.33 VAL 1.6 0.2
0.23 VAL 1.6 0.14
0.78 LYS 2.11 0.37
1.39 LYS 2.11 0.66
0.61 GLY 0.85 0.72
0.39 THR 1.46 0.27
1.5 GLU 1.83 0.82
0.45 PHE 2.18 0.21
0.35 THR 1.46 0.24
0.38 VAL 1.6 0.24
1.17 ASN 1.58 0.74
1.02 ASP 1.51 0.68
0.33 LEU 1.8 0.19
0.93 GLN 1.89 0.49
0.34 GLY 0.85 0.41
0.73 LYS 2.11 0.35
0.39 THR 1.46 0.26
0.03 SER 1.22 0.03
0.05 CYX 1.4 0.03
0.1 HIS 1.94 0.05
0.3 THR 1.46 0.2
0.06 GLY 0.85 0.07
0.62 LEU 1.8 0.34
0.38 GLY 0.85 0.44
1.5 ARG 2.41 0.62
0.29 SER 1.22 0.24
0.2 ALA 1.13 0.18
0.12 GLY 0.85 0.15
0.19 TRP 2.59 0.07
0.51 ASN 1.58 0.32
0.03 ILE 1.82 0.02
0.03 PRO 1.43 0.02
0.32 ILE 1.82 0.18
0.03 GLY 0.85 0.04
0.19 THR 1.46 0.13
0.23 LEU 1.8 0.13
0.36 LEU 1.8 0.2
1.0 HIS 1.94 0.52
0.99 ARG 2.41 0.41
0.45 GLY 0.85 0.53
0.3 ALA 1.13 0.27
0.19 ILE 1.82 0.1
1.54 GLU 1.83 0.84
0.48 TRP 2.59 0.18
0.69 GLU 1.83 0.38
0.29 GLY 0.85 0.34
0.62 ILE 1.82 0.34
1.58 GLU 1.83 0.86
0.75 SER 1.22 0.61
0.07 GLY 0.85 0.08
0.22 SER 1.22 0.18
0.26 VAL 1.6 0.17
0.28 GLU 1.83 0.15
0.76 GLN 1.89 0.4
0.1 ALA 1.13 0.09
0.13 VAL 1.6 0.08
0.25 ALA 1.13 0.22
1.35 LYS 2.11 0.64
0.23 PHE 2.18 0.11
0.45 PHE 2.18 0.21
0.57 SER 1.22 0.46
0.07 ALA 1.13 0.06
0.07 SER 1.22 0.05
0.04 CYX 1.4 0.03
0.0 VAL 1.6 0.0
0.33 PRO 1.43 0.23
0.17 GLY 0.85 0.19
0.66 ALA 1.13 0.58
1.08 THR 1.46 0.74
1.29 ILE 1.82 0.71
0.47 GLU 1.83 0.26
1.07 GLN 1.89 0.56
0.69 LYS 2.11 0.33
0.07 LEU 1.8 0.04
0.21 CYX 1.4 0.15
1.0 ARG 2.41 0.42
0.2 GLN 1.89 0.11
0.25 CYX 1.4 0.18
1.29 LYS 2.11 0.61
0.54 GLY 0.85 0.64
0.78 ASP 1.51 0.52
1.25 PRO 1.43 0.87
1.51 LYS 2.11 0.72
0.7 THR 1.46 0.48
0.57 LYS 2.11 0.27
0.27 CYX 1.4 0.2
0.49 ALA 1.13 0.43
1.08 ARG 2.41 0.45
1.24 ASN 1.58 0.79
0.31 ALA 1.13 0.28
1.2 PRO 1.43 0.84
0.23 TYR 2.29 0.1
0.32 SER 1.22 0.26
0.31 GLY 0.85 0.37
1.14 TYR 2.29 0.5
0.51 SER 1.22 0.41
0.07 GLY 0.85 0.08
0.08 ALA 1.13 0.07
0.64 PHE 2.18 0.29
0.58 HIS 1.94 0.3
0.0 CYX 1.4 0.0
0.25 LEU 1.8 0.14
0.83 LYS 2.11 0.39
0.83 ASP 1.51 0.55
0.52 GLY 0.85 0.61
0.75 LYS 2.11 0.36
0.11 GLY 0.85 0.12
0.7 ASP 1.51 0.47
0.29 VAL 1.6 0.18
0.12 ALA 1.13 0.11
0.39 PHE 2.18 0.18
0.17 VAL 1.6 0.1
0.59 LYS 2.11 0.28
0.32 HIS 1.94 0.16
0.51 THR 1.46 0.35
0.2 THR 1.46 0.14
0.42 VAL 1.6 0.26
0.5 ASN 1.58 0.31
1.38 GLU 1.83 0.76
0.57 ASN 1.58 0.36
0.36 ALA 1.13 0.32
0.93 PRO 1.43 0.65
1.0 ASP 1.51 0.66
1.15 GLN 1.89 0.61
0.99 LYS 2.11 0.47
0.88 ASP 1.51 0.58
0.98 GLU 1.83 0.54
0.62 TYR 2.29 0.27
0.35 GLU 1.83 0.19
0.17 LEU 1.8 0.09
0.35 LEU 1.8 0.2
0.06 CYX 1.4 0.04
0.74 LEU 1.8 0.41
1.02 ASP 1.51 0.67
0.4 GLY 0.85 0.47
0.42 SER 1.22 0.34
0.6 ARG 2.41 0.25
0.59 GLN 1.89 0.31
0.76 PRO 1.43 0.53
0.4 VAL 1.6 0.25
0.94 ASP 1.51 0.62
0.3 ASN 1.58 0.19
0.22 TYR 2.29 0.09
1.14 LYS 2.11 0.54
1.01 THR 1.46 0.69
0.07 CYX 1.4 0.05
0.15 ASN 1.58 0.1
0.35 TRP 2.59 0.14
0.0 ALA 1.13 0.0
0.85 ARG 2.41 0.35
0.4 VAL 1.6 0.25
0.29 ALA 1.13 0.26
0.13 ALA 1.13 0.12
0.52 HIS 1.94 0.27
0.17 ALA 1.13 0.15
0.03 VAL 1.6 0.02
0.13 VAL 1.6 0.08
0.0 ALA 1.13 0.0
0.47 ARG 2.41 0.19
0.86 ASP 1.51 0.57
0.58 ASP 1.51 0.38
1.02 ASN 1.58 0.64
0.99 LYS 2.11 0.47
0.56 VAL 1.6 0.35
0.86 GLU 1.83 0.47
0.44 ASP 1.51 0.29
0.31 ILE 1.82 0.17
1.05 TRP 2.59 0.4
0.42 SER 1.22 0.35
0.22 PHE 2.18 0.1
0.4 LEU 1.8 0.22
0.3 SER 1.22 0.24
0.3 LYS 2.11 0.14
0.07 ALA 1.13 0.06
0.24 GLN 1.89 0.12
0.89 SER 1.22 0.73
0.58 ASP 1.51 0.39
0.4 PHE 2.18 0.18
0.09 GLY 0.85 0.11
0.87 VAL 1.6 0.54
1.05 ASP 1.51 0.7
0.3 THR 1.46 0.21
1.74 LYS 2.11 0.83
0.82 SER 1.22 0.67
1.31 ASP 1.51 0.87
0.77 PHE 2.18 0.36
0.94 HIS 1.94 0.49
0.3 LEU 1.8 0.17
0.17 PHE 2.18 0.08
0.2 GLY 0.85 0.24
0.8 PRO 1.43 0.56
1.36 PRO 1.43 0.95
0.7 GLY 0.85 0.83
1.85 LYS 2.11 0.88
1.23 LYS 2.11 0.58
0.66 ASP 1.51 0.43
1.04 PRO 1.43 0.73
1.15 VAL 1.6 0.72
0.59 LEU 1.8 0.33
0.98 LYS 2.11 0.47
0.56 ASP 1.51 0.37
0.51 LEU 1.8 0.28
0.38 LEU 1.8 0.21
0.25 PHE 2.18 0.12
0.34 LYS 2.11 0.16
0.5 ASP 1.51 0.33
0.65 SER 1.22 0.53
0.15 ALA 1.13 0.13
0.62 ILE 1.82 0.34
1.02 MET 2.04 0.5
0.21 LEU 1.8 0.12
1.14 LYS 2.11 0.54
0.94 ARG 2.41 0.39
0.07 VAL 1.6 0.04
0.39 PRO 1.43 0.27
0.8 SER 1.22 0.65
0.83 LEU 1.8 0.46
0.02 MET 2.04 0.01
0.58 ASP 1.51 0.39
0.32 SER 1.22 0.26
0.51 GLN 1.89 0.27
0.27 LEU 1.8 0.15
0.17 TYR 2.29 0.07
0.16 LEU 1.8 0.09
0.19 GLY 0.85 0.22
0.72 PHE 2.18 0.33
0.41 GLU 1.83 0.22
0.29 TYR 2.29 0.13
0.52 TYR 2.29 0.23
0.21 SER 1.22 0.17
0.03 ALA 1.13 0.03
0.5 ILE 1.82 0.27
0.33 GLN 1.89 0.18
0.12 SER 1.22 0.1
0.46 MET 2.04 0.23
1.36 ARG 2.41 0.57
0.89 LYS 2.11 0.42
0.41 ASP 1.51 0.27
1.11 GLN 1.89 0.59
0.52 LEU 1.8 0.29
1.22 THR 1.46 0.83
0.86 PRO 1.43 0.6
0.3 SER 1.22 0.25
0.76 PRO 1.43 0.53
1.44 ARG 2.41 0.6
1.04 GLU 1.83 0.57
0.98 ASN 1.58 0.62
1.12 ARG 2.41 0.46
0.03 ILE 1.82 0.02
0.2 GLN 1.89 0.1
0.07 TRP 2.59 0.03
0.04 CYX 1.4 0.03
0.07 ALA 1.13 0.06
0.34 VAL 1.6 0.21
0.2 GLY 0.85 0.23
1.38 LYS 2.11 0.65
0.86 ASP 1.51 0.57
0.12 GLU 1.83 0.06
0.91 LYS 2.11 0.43
0.47 SER 1.22 0.39
0.29 LYS 2.11 0.14
0.23 CYX 1.4 0.16
0.51 ASP 1.51 0.34
1.38 ARG 2.41 0.57
0.46 TRP 2.59 0.18
0.37 SER 1.22 0.31
1.05 VAL 1.6 0.65
0.43 VAL 1.6 0.27
0.09 SER 1.22 0.07
1.24 ASN 1.58 0.79
0.16 GLY 0.85 0.18
0.66 ASP 1.51 0.43
0.11 VAL 1.6 0.07
0.58 GLU 1.83 0.31
0.39 CYX 1.4 0.28
0.73 THR 1.46 0.5
0.6 VAL 1.6 0.38
0.25 VAL 1.6 0.15
1.44 ASP 1.51 0.96
1.06 GLU 1.83 0.58
0.68 THR 1.46 0.47
0.69 LYS 2.11 0.33
0.55 ASP 1.51 0.37
0.03 CYX 1.4 0.02
0.2 ILE 1.82 0.11
0.4 ILE 1.82 0.22
0.68 LYS 2.11 0.32
0.12 ILE 1.82 0.07
0.18 MET 2.04 0.09
0.27 LYS 2.11 0.13
0.48 GLY 0.85 0.56
0.98 GLU 1.83 0.54
0.11 ALA 1.13 0.1
0.28 ASP 1.51 0.18
0.0 ALA 1.13 0.0
0.1 VAL 1.6 0.06
0.09 ALA 1.13 0.08
0.1 LEU 1.8 0.06
0.52 ASP 1.51 0.34
0.3 GLY 0.85 0.36
0.25 GLY 0.85 0.29
0.53 LEU 1.8 0.29
0.03 VAL 1.6 0.02
0.2 TYR 2.29 0.09
0.18 THR 1.46 0.13
0.07 ALA 1.13 0.06
0.07 GLY 0.85 0.08
0.37 VAL 1.6 0.23
0.25 CYX 1.4 0.18
0.4 GLY 0.85 0.47
0.07 LEU 1.8 0.04
0.56 VAL 1.6 0.35
0.4 PRO 1.43 0.28
0.1 VAL 1.6 0.06
0.1 MET 2.04 0.05
0.13 ALA 1.13 0.12
0.08 GLU 1.83 0.04
0.21 ARG 2.41 0.09
0.45 TYR 2.29 0.2
0.94 ASP 1.51 0.62
0.58 ASP 1.51 0.38
0.7 GLU 1.83 0.38
0.92 SER 1.22 0.75
0.6 GLN 1.89 0.32
0.08 CYX 1.4 0.06
0.93 SER 1.22 0.76
0.57 LYS 2.11 0.27
1.01 THR 1.46 0.69
1.07 ASP 1.51 0.71
1.06 GLU 1.83 0.58
0.75 ARG 2.41 0.31
1.03 PRO 1.43 0.72
0.44 ALA 1.13 0.39
0.61 SER 1.22 0.5
0.6 TYR 2.29 0.26
0.2 PHE 2.18 0.09
0.0 ALA 1.13 0.0
0.09 VAL 1.6 0.06
0.06 ALA 1.13 0.05
0.07 VAL 1.6 0.04
0.0 ALA 1.13 0.0
0.79 ARG 2.41 0.33
1.02 LYS 2.11 0.49
1.13 ASP 1.51 0.75
0.33 SER 1.22 0.27
1.18 ASN 1.58 0.74
0.1 VAL 1.6 0.06
0.32 ASN 1.58 0.2
0.23 TRP 2.59 0.09
0.88 ASN 1.58 0.56
0.56 ASN 1.58 0.35
0.33 LEU 1.8 0.18
1.03 LYS 2.11 0.49
0.42 GLY 0.85 0.49
0.49 LYS 2.11 0.23
0.86 LYS 2.11 0.41
0.0 SER 1.22 0.0
0.05 CYX 1.4 0.03
0.06 HIS 1.94 0.03
0.03 THR 1.46 0.02
0.2 ALA 1.13 0.18
0.6 VAL 1.6 0.38
0.37 GLY 0.85 0.44
1.06 ARG 2.41 0.44
0.15 THR 1.46 0.1
0.05 ALA 1.13 0.04
0.02 GLY 0.85 0.03
0.36 TRP 2.59 0.14
0.32 VAL 1.6 0.2
0.13 ILE 1.82 0.07
0.0 PRO 1.43 0.0
0.07 MET 2.04 0.03
0.06 GLY 0.85 0.07
0.59 LEU 1.8 0.33
0.22 ILE 1.82 0.12
0.4 HIS 1.94 0.21
1.02 ASN 1.58 0.64
1.66 ARG 2.41 0.69
0.4 THR 1.46 0.28
0.7 GLY 0.85 0.82
0.6 THR 1.46 0.41
0.38 CYX 1.4 0.27
0.76 ASN 1.58 0.48
0.46 PHE 2.18 0.21
0.71 ASP 1.51 0.47
1.26 GLU 1.83 0.69
0.45 TYR 2.29 0.2
0.34 PHE 2.18 0.16
0.53 SER 1.22 0.43
0.47 GLU 1.83 0.26
0.0 GLY 0.85 0.0
0.09 CYX 1.4 0.07
0.0 ALA 1.13 0.0
0.0 PRO 1.43 0.0
0.41 GLY 0.85 0.48
0.18 SER 1.22 0.15
0.76 PRO 1.43 0.53
1.17 PRO 1.43 0.82
1.45 ASN 1.58 0.92
0.27 SER 1.22 0.22
1.69 ARG 2.41 0.7
0.26 LEU 1.8 0.15
0.18 CYX 1.4 0.13
0.89 GLN 1.89 0.47
0.12 LEU 1.8 0.07
0.07 CYX 1.4 0.05
0.79 GLN 1.89 0.42
0.03 GLY 0.85 0.04
0.33 SER 1.22 0.27
0.48 GLY 0.85 0.57
0.54 GLY 0.85 0.64
1.47 ILE 1.82 0.81
0.75 PRO 1.43 0.52
0.97 PRO 1.43 0.68
0.66 GLU 1.83 0.36
1.2 LYS 2.11 0.57
0.11 CYX 1.4 0.08
0.36 VAL 1.6 0.23
0.5 ALA 1.13 0.44
0.39 SER 1.22 0.32
0.76 SER 1.22 0.63
1.14 HIS 1.94 0.59
0.12 GLU 1.83 0.06
1.18 LYS 2.11 0.56
0.03 TYR 2.29 0.01
0.89 PHE 2.18 0.41
0.2 GLY 0.85 0.23
0.69 TYR 2.29 0.3
0.5 THR 1.46 0.34
0.03 GLY 0.85 0.04
0.0 ALA 1.13 0.0
0.1 LEU 1.8 0.06
0.57 ARG 2.41 0.24
0.04 CYX 1.4 0.03
0.0 LEU 1.8 0.0
0.54 VAL 1.6 0.34
0.88 GLU 1.83 0.48
0.96 LYS 2.11 0.46
0.0 GLY 0.85 0.0
0.37 ASP 1.51 0.24
0.2 VAL 1.6 0.12
0.0 ALA 1.13 0.0
0.25 PHE 2.18 0.11
0.0 ILE 1.82 0.0
0.39 GLN 1.89 0.2
0.47 HIS 1.94 0.24
0.42 SER 1.22 0.35
0.05 THR 1.46 0.03
0.13 VAL 1.6 0.08
0.86 GLU 1.83 0.47
0.96 GLU 1.83 0.53
0.19 ASN 1.58 0.12
0.13 THR 1.46 0.09
0.6 GLY 0.85 0.7
0.43 GLY 0.85 0.51
0.94 LYS 2.11 0.45
0.37 ASN 1.58 0.24
1.38 LYS 2.11 0.65
0.38 ALA 1.13 0.33
1.08 ASP 1.51 0.72
0.59 TRP 2.59 0.23
0.06 ALA 1.13 0.05
1.19 LYS 2.11 0.56
1.12 ASN 1.58 0.71
0.52 LEU 1.8 0.29
0.87 GLN 1.89 0.46
0.53 MET 2.04 0.26
0.86 ASP 1.51 0.57
0.39 ASP 1.51 0.26
0.18 PHE 2.18 0.08
0.4 GLU 1.83 0.22
0.13 LEU 1.8 0.07
0.11 LEU 1.8 0.06
0.1 CYX 1.4 0.07
0.59 THR 1.46 0.4
1.16 ASP 1.51 0.77
0.27 GLY 0.85 0.32
1.3 ARG 2.41 0.54
0.64 ARG 2.41 0.27
0.26 ALA 1.13 0.23
0.81 ASN 1.58 0.51
0.24 VAL 1.6 0.15
1.33 MET 2.04 0.65
0.63 ASP 1.51 0.42
0.78 TYR 2.29 0.34
1.39 ARG 2.41 0.58
1.33 GLU 1.83 0.73
0.16 CYX 1.4 0.11
0.47 ASN 1.58 0.3
0.24 LEU 1.8 0.13
0.17 ALA 1.13 0.15
0.71 GLU 1.83 0.39
0.1 VAL 1.6 0.06
0.4 PRO 1.43 0.28
0.49 THR 1.46 0.34
0.39 HIS 1.94 0.2
0.1 ALA 1.13 0.09
0.07 VAL 1.6 0.04
0.07 VAL 1.6 0.04
0.1 VAL 1.6 0.06
0.52 ARG 2.41 0.21
0.9 PRO 1.43 0.63
1.08 GLU 1.83 0.59
0.82 LYS 2.11 0.39
0.23 ALA 1.13 0.2
0.77 ASN 1.58 0.49
1.01 LYS 2.11 0.48
0.1 ILE 1.82 0.05
0.22 ARG 2.41 0.09
0.6 ASP 1.51 0.4
0.54 LEU 1.8 0.3
0.15 LEU 1.8 0.08
1.01 GLU 1.83 0.55
1.87 ARG 2.41 0.78
0.17 GLN 1.89 0.09
0.7 GLU 1.83 0.38
1.22 LYS 2.11 0.58
0.99 ARG 2.41 0.41
0.0 PHE 2.18 0.0
0.2 GLY 0.85 0.24
0.71 VAL 1.6 0.44
1.48 ASN 1.58 0.93
0.23 GLY 0.85 0.27
0.74 SER 1.22 0.6
0.65 GLU 1.83 0.36
1.44 LYS 2.11 0.68
0.93 SER 1.22 0.77
1.41 LYS 2.11 0.67
0.87 PHE 2.18 0.4
0.49 MET 2.04 0.24
0.37 MET 2.04 0.18
0.13 PHE 2.18 0.06
0.93 GLU 1.83 0.51
0.17 SER 1.22 0.14
1.65 GLN 1.89 0.87
1.01 ASN 1.58 0.64
1.27 LYS 2.11 0.6
0.76 ASP 1.51 0.51
0.36 LEU 1.8 0.2
0.48 LEU 1.8 0.27
0.3 PHE 2.18 0.14
0.44 LYS 2.11 0.21
0.38 ASP 1.51 0.25
0.88 LEU 1.8 0.49
0.02 THR 1.46 0.02
0.51 LYS 2.11 0.24
0.0 CYX 1.4 0.0
0.26 LEU 1.8 0.14
0.33 PHE 2.18 0.15
0.91 LYS 2.11 0.43
0.38 VAL 1.6 0.24
1.27 ARG 2.41 0.53
1.08 GLU 1.83 0.59
0.7 GLY 0.85 0.83
0.78 THR 1.46 0.53
0.38 THR 1.46 0.26
0.47 TYR 2.29 0.2
0.86 LYS 2.11 0.41
0.95 GLU 1.83 0.52
0.66 PHE 2.18 0.3
0.22 LEU 1.8 0.12
0.17 GLY 0.85 0.19
0.86 ASP 1.51 0.57
1.43 LYS 2.11 0.68
0.2 PHE 2.18 0.09
0.44 TYR 2.29 0.19
0.81 THR 1.46 0.55
0.46 VAL 1.6 0.29
0.13 ILE 1.82 0.07
0.25 SER 1.22 0.2
0.4 SER 1.22 0.33
0.25 LEU 1.8 0.14
0.41 LYS 2.11 0.19
0.85 THR 1.46 0.58
0.34 CYX 1.4 0.25
0.93 ASN 1.58 0.59
0.68 PRO 1.43 0.48
0.43 SER 1.22 0.35
0.45 ASP 1.51 0.3
0.13 ILE 1.82 0.07
0.32 LEU 1.8 0.18
0.84 GLN 1.89 0.44
0.07 MET 2.04 0.03
0.14 CYX 1.4 0.1
0.45 SER 1.22 0.37
0.47 PHE 2.18 0.21
0.48 LEU 1.8 0.27
1.3 GLU 1.83 0.71
0.53 GLY 0.85 0.62
0.63 LYS 2.11 0.3
