1.56 LYS 2.11 0.74
0.1 CYX 1.4 0.07
0.5 SER 1.22 0.41
0.0 LEU 1.8 0.0
0.54 THR 1.46 0.37
0.2 GLY 0.85 0.23
1.09 LYS 2.11 0.52
0.02 TRP 2.59 0.01
0.48 THR 1.46 0.33
0.22 ASN 1.58 0.14
0.86 ASP 1.51 0.57
1.04 LEU 1.8 0.58
0.43 GLY 0.85 0.5
0.07 SER 1.22 0.06
0.45 ASN 1.58 0.29
0.03 MET 2.04 0.02
0.55 THR 1.46 0.37
0.08 ILE 1.82 0.04
0.33 GLY 0.85 0.39
0.85 ALA 1.13 0.75
0.49 VAL 1.6 0.31
0.7 ASN 1.58 0.45
1.03 SER 1.22 0.85
1.55 ARG 2.41 0.64
0.0 GLY 0.85 0.0
0.57 GLU 1.83 0.31
0.11 PHE 2.18 0.05
0.84 THR 1.46 0.57
0.18 GLY 0.85 0.21
0.47 THR 1.46 0.32
0.1 TYR 2.29 0.05
0.55 ILE 1.82 0.3
0.17 THR 1.46 0.12
0.78 ALA 1.13 0.69
0.87 VAL 1.6 0.55
0.62 THR 1.46 0.43
0.67 ALA 1.13 0.59
0.57 THR 1.46 0.39
1.0 SER 1.22 0.82
1.27 ASN 1.58 0.8
1.45 GLU 1.83 0.79
1.12 ILE 1.82 0.62
0.65 LYS 2.11 0.31
0.91 GLU 1.83 0.49
0.0 SER 1.22 0.0
0.45 PRO 1.43 0.32
0.0 LEU 1.8 0.0
0.9 HIS 1.94 0.47
0.2 GLY 0.85 0.24
0.57 THR 1.46 0.39
0.32 GLN 1.89 0.17
0.81 ASN 1.58 0.51
0.74 THR 1.46 0.5
1.19 ILE 1.82 0.66
0.34 ASN 1.58 0.22
1.44 LYS 2.11 0.68
0.62 ARG 2.41 0.26
0.35 THR 1.46 0.24
0.37 GLN 1.89 0.2
0.2 PRO 1.43 0.14
0.64 THR 1.46 0.44
0.16 PHE 2.18 0.07
0.21 GLY 0.85 0.25
0.07 PHE 2.18 0.03
0.56 THR 1.46 0.38
0.0 VAL 1.6 0.0
0.75 ASN 1.58 0.47
0.32 TRP 2.59 0.12
1.01 LYS 2.11 0.48
0.17 PHE 2.18 0.08
0.35 SER 1.22 0.29
1.47 GLU 1.83 0.8
0.33 SER 1.22 0.27
0.59 THR 1.46 0.4
0.06 THR 1.46 0.04
0.63 VAL 1.6 0.39
0.19 PHE 2.18 0.09
0.79 THR 1.46 0.54
0.12 GLY 0.85 0.14
0.42 GLN 1.89 0.22
0.04 CYX 1.4 0.03
0.76 PHE 2.18 0.35
0.7 ILE 1.82 0.39
0.52 ASP 1.51 0.34
2.04 ARG 2.41 0.84
1.2 ASN 1.58 0.76
0.52 GLY 0.85 0.62
1.07 LYS 2.11 0.51
0.34 GLU 1.83 0.18
0.3 VAL 1.6 0.19
0.03 LEU 1.8 0.02
1.0 LYS 2.11 0.48
0.07 THR 1.46 0.05
0.56 MET 2.04 0.28
0.53 TRP 2.59 0.2
0.98 LEU 1.8 0.55
0.49 LEU 1.8 0.27
0.88 ARG 2.41 0.36
0.46 SER 1.22 0.38
0.58 SER 1.22 0.48
0.49 VAL 1.6 0.3
1.44 ASN 1.58 0.91
0.91 ASP 1.51 0.6
1.35 ILE 1.82 0.74
0.48 GLY 0.85 0.57
0.59 ASP 1.51 0.39
0.66 ASP 1.51 0.44
2.0 TRP 2.59 0.77
1.15 LYS 2.11 0.54
0.06 ALA 1.13 0.05
0.81 THR 1.46 0.56
1.05 ARG 2.41 0.44
0.54 VAL 1.6 0.34
0.1 GLY 0.85 0.12
0.52 ILE 1.82 0.28
0.12 ASN 1.58 0.07
0.64 ILE 1.82 0.35
0.0 PHE 2.18 0.0
0.41 THR 1.46 0.28
0.81 ARG 2.41 0.33
1.23 LEU 1.8 0.68
1.84 ARG 2.41 0.76
1.31 LYS 2.11 0.62
0.1 CYX 1.4 0.07
0.53 SER 1.22 0.43
0.12 LEU 1.8 0.07
0.56 THR 1.46 0.38
0.23 GLY 0.85 0.27
1.1 LYS 2.11 0.52
0.02 TRP 2.59 0.01
0.48 THR 1.46 0.33
0.18 ASN 1.58 0.12
0.84 ASP 1.51 0.56
0.99 LEU 1.8 0.55
0.44 GLY 0.85 0.52
0.05 SER 1.22 0.04
0.38 ASN 1.58 0.24
0.0 MET 2.04 0.0
0.48 THR 1.46 0.33
0.12 ILE 1.82 0.07
0.33 GLY 0.85 0.39
0.89 ALA 1.13 0.78
0.58 VAL 1.6 0.36
0.67 ASN 1.58 0.43
1.08 SER 1.22 0.89
1.64 ARG 2.41 0.68
0.0 GLY 0.85 0.0
0.81 GLU 1.83 0.44
0.11 PHE 2.18 0.05
0.9 THR 1.46 0.62
0.11 GLY 0.85 0.13
0.53 THR 1.46 0.37
0.07 TYR 2.29 0.03
0.42 ILE 1.82 0.23
0.19 THR 1.46 0.13
0.79 ALA 1.13 0.7
0.94 VAL 1.6 0.59
0.69 THR 1.46 0.47
0.71 ALA 1.13 0.62
0.67 THR 1.46 0.46
0.99 SER 1.22 0.81
1.16 ASN 1.58 0.73
1.21 GLU 1.83 0.66
1.16 ILE 1.82 0.64
0.72 LYS 2.11 0.34
0.97 GLU 1.83 0.53
0.0 SER 1.22 0.0
0.46 PRO 1.43 0.32
0.0 LEU 1.8 0.0
0.98 HIS 1.94 0.5
0.2 GLY 0.85 0.24
0.57 THR 1.46 0.39
0.37 GLN 1.89 0.2
0.75 ASN 1.58 0.47
0.7 THR 1.46 0.48
1.25 ILE 1.82 0.69
0.3 ASN 1.58 0.19
1.5 LYS 2.11 0.71
0.8 ARG 2.41 0.33
0.33 THR 1.46 0.22
0.55 GLN 1.89 0.29
0.13 PRO 1.43 0.09
0.57 THR 1.46 0.39
0.22 PHE 2.18 0.1
0.19 GLY 0.85 0.22
0.07 PHE 2.18 0.03
0.53 THR 1.46 0.37
0.0 VAL 1.6 0.0
0.79 ASN 1.58 0.5
0.38 TRP 2.59 0.15
1.01 LYS 2.11 0.48
0.13 PHE 2.18 0.06
0.34 SER 1.22 0.28
1.36 GLU 1.83 0.74
0.33 SER 1.22 0.27
0.59 THR 1.46 0.4
0.06 THR 1.46 0.04
0.59 VAL 1.6 0.37
0.19 PHE 2.18 0.09
0.81 THR 1.46 0.55
0.16 GLY 0.85 0.18
0.52 GLN 1.89 0.27
0.04 CYX 1.4 0.03
0.83 PHE 2.18 0.38
0.47 ILE 1.82 0.26
0.65 ASP 1.51 0.43
2.03 ARG 2.41 0.84
1.1 ASN 1.58 0.7
0.25 GLY 0.85 0.29
1.04 LYS 2.11 0.49
0.3 GLU 1.83 0.17
0.26 VAL 1.6 0.17
0.07 LEU 1.8 0.04
0.91 LYS 2.11 0.43
0.1 THR 1.46 0.07
0.63 MET 2.04 0.31
0.53 TRP 2.59 0.2
0.92 LEU 1.8 0.51
0.45 LEU 1.8 0.25
0.86 ARG 2.41 0.36
0.44 SER 1.22 0.36
0.7 SER 1.22 0.58
0.49 VAL 1.6 0.3
1.39 ASN 1.58 0.88
0.75 ASP 1.51 0.5
1.47 ILE 1.82 0.81
0.5 GLY 0.85 0.59
0.52 ASP 1.51 0.35
0.72 ASP 1.51 0.48
1.99 TRP 2.59 0.77
1.17 LYS 2.11 0.56
0.07 ALA 1.13 0.06
0.78 THR 1.46 0.53
1.12 ARG 2.41 0.46
0.54 VAL 1.6 0.34
0.07 GLY 0.85 0.08
0.55 ILE 1.82 0.3
0.09 ASN 1.58 0.06
0.58 ILE 1.82 0.32
0.03 PHE 2.18 0.02
0.43 THR 1.46 0.29
1.02 ARG 2.41 0.42
1.34 LEU 1.8 0.74
