1.65 LYS 2.11 0.78
0.84 GLU 1.83 0.46
0.86 THR 1.46 0.59
0.56 ALA 1.13 0.5
0.38 ALA 1.13 0.33
0.34 ALA 1.13 0.3
0.76 LYS 2.11 0.36
0.06 PHE 2.18 0.03
0.58 GLU 1.83 0.32
0.5 ARG 2.41 0.21
0.41 GLN 1.89 0.22
0.21 HIS 1.94 0.11
0.17 MET 2.04 0.08
0.05 ASP 1.51 0.03
0.65 SER 1.22 0.53
0.89 SER 1.22 0.73
0.45 THR 1.46 0.31
0.75 SER 1.22 0.62
0.32 ALA 1.13 0.28
0.22 ALA 1.13 0.2
0.84 SER 1.22 0.69
0.72 SER 1.22 0.59
0.87 SER 1.22 0.71
0.67 ASN 1.58 0.42
0.2 TYR 2.29 0.09
0.06 CYX 1.4 0.04
0.54 ASN 1.58 0.34
0.77 GLN 1.89 0.41
0.24 MET 2.04 0.12
0.03 MET 2.04 0.02
1.13 LYS 2.11 0.53
0.58 SER 1.22 0.47
0.11 ARG 2.41 0.04
0.51 ASN 1.58 0.32
0.19 LEU 1.8 0.1
0.42 THR 1.46 0.29
1.16 LYS 2.11 0.55
1.08 ASP 1.51 0.72
1.4 ARG 2.41 0.58
0.18 CYX 1.4 0.13
0.62 LYS 2.11 0.29
0.59 PRO 1.43 0.42
0.76 VAL 1.6 0.47
0.02 ASN 1.58 0.01
0.18 THR 1.46 0.12
0.0 PHE 2.18 0.0
0.0 VAL 1.6 0.0
0.15 HIS 1.94 0.08
0.47 GLU 1.83 0.26
0.52 SER 1.22 0.43
0.72 LEU 1.8 0.4
0.68 ALA 1.13 0.61
0.76 ASP 1.51 0.51
0.0 VAL 1.6 0.0
0.68 GLN 1.89 0.36
0.55 ALA 1.13 0.49
0.0 VAL 1.6 0.0
0.12 CYX 1.4 0.08
0.9 SER 1.22 0.74
0.4 GLN 1.89 0.21
0.9 LYS 2.11 0.43
1.01 ASN 1.58 0.64
0.4 VAL 1.6 0.25
0.73 ALA 1.13 0.65
0.14 CYX 1.4 0.1
1.46 LYS 2.11 0.69
0.96 ASN 1.58 0.61
0.66 GLY 0.85 0.77
0.97 GLN 1.89 0.51
0.94 THR 1.46 0.65
0.53 ASN 1.58 0.33
0.0 CYX 1.4 0.0
0.34 TYR 2.29 0.15
0.39 GLN 1.89 0.21
0.03 SER 1.22 0.03
1.25 TYR 2.29 0.55
0.68 SER 1.22 0.55
0.72 THR 1.46 0.49
0.23 MET 2.04 0.11
0.16 SER 1.22 0.13
0.03 ILE 1.82 0.02
0.0 THR 1.46 0.0
0.6 ASP 1.51 0.4
0.0 CYX 1.4 0.0
1.15 ARG 2.41 0.48
0.52 GLU 1.83 0.28
0.68 THR 1.46 0.47
0.58 GLY 0.85 0.68
1.02 SER 1.22 0.84
0.14 SER 1.22 0.12
1.23 LYS 2.11 0.58
1.07 TYR 2.29 0.47
1.05 PRO 1.43 0.74
1.06 ASN 1.58 0.67
0.3 CYX 1.4 0.22
0.36 ALA 1.13 0.32
0.16 TYR 2.29 0.07
1.27 LYS 2.11 0.6
0.28 THR 1.46 0.19
0.65 THR 1.46 0.45
0.66 GLN 1.89 0.35
0.23 ALA 1.13 0.2
0.94 ASN 1.58 0.59
0.76 LYS 2.11 0.36
0.45 HIS 1.94 0.23
0.0 ILE 1.82 0.0
0.17 ILE 1.82 0.09
0.0 VAL 1.6 0.0
0.07 ALA 1.13 0.06
0.05 CYX 1.4 0.03
0.91 GLU 1.83 0.5
0.46 GLY 0.85 0.54
1.25 ASN 1.58 0.79
1.01 PRO 1.43 0.71
1.01 TYR 2.29 0.44
0.2 VAL 1.6 0.12
0.06 PRO 1.43 0.04
0.35 VAL 1.6 0.22
0.72 HIS 1.94 0.37
0.43 PHE 2.18 0.2
0.21 ASP 1.51 0.14
0.33 ALA 1.13 0.29
0.35 SER 1.22 0.29
1.27 VAL 1.6 0.8
2.09 LYS 2.11 0.99
0.94 GLU 1.83 0.52
0.78 THR 1.46 0.53
0.57 ALA 1.13 0.5
0.28 ALA 1.13 0.25
0.38 ALA 1.13 0.33
0.68 LYS 2.11 0.32
0.2 PHE 2.18 0.09
0.67 GLU 1.83 0.37
0.66 ARG 2.41 0.27
0.35 GLN 1.89 0.19
0.25 HIS 1.94 0.13
0.2 MET 2.04 0.1
0.1 ASP 1.51 0.07
0.73 SER 1.22 0.6
1.02 SER 1.22 0.84
0.36 THR 1.46 0.25
0.95 SER 1.22 0.78
0.4 ALA 1.13 0.35
0.14 ALA 1.13 0.13
1.04 SER 1.22 0.86
0.68 SER 1.22 0.56
0.82 SER 1.22 0.67
0.72 ASN 1.58 0.45
0.39 TYR 2.29 0.17
0.0 CYX 1.4 0.0
0.45 ASN 1.58 0.29
1.02 GLN 1.89 0.54
0.44 MET 2.04 0.22
0.0 MET 2.04 0.0
1.48 LYS 2.11 0.7
0.77 SER 1.22 0.63
0.62 ARG 2.41 0.26
0.59 ASN 1.58 0.37
0.16 LEU 1.8 0.09
0.33 THR 1.46 0.23
1.23 LYS 2.11 0.58
1.11 ASP 1.51 0.74
1.33 ARG 2.41 0.55
0.16 CYX 1.4 0.12
0.45 LYS 2.11 0.22
0.69 PRO 1.43 0.48
0.85 VAL 1.6 0.53
0.13 ASN 1.58 0.08
0.15 THR 1.46 0.1
0.07 PHE 2.18 0.03
0.07 VAL 1.6 0.04
0.14 HIS 1.94 0.07
0.55 GLU 1.83 0.3
0.52 SER 1.22 0.43
0.68 LEU 1.8 0.38
0.59 ALA 1.13 0.52
0.68 ASP 1.51 0.45
0.03 VAL 1.6 0.02
0.47 GLN 1.89 0.25
0.45 ALA 1.13 0.4
0.0 VAL 1.6 0.0
0.11 CYX 1.4 0.08
0.31 SER 1.22 0.25
0.34 GLN 1.89 0.18
0.61 LYS 2.11 0.29
0.87 ASN 1.58 0.55
0.46 VAL 1.6 0.29
0.72 ALA 1.13 0.64
0.12 CYX 1.4 0.08
1.47 LYS 2.11 0.7
0.98 ASN 1.58 0.62
0.51 GLY 0.85 0.6
1.01 GLN 1.89 0.53
0.85 THR 1.46 0.58
0.34 ASN 1.58 0.21
0.0 CYX 1.4 0.0
0.35 TYR 2.29 0.15
0.38 GLN 1.89 0.2
0.0 SER 1.22 0.0
0.27 TYR 2.29 0.12
0.39 SER 1.22 0.32
0.73 THR 1.46 0.5
0.13 MET 2.04 0.06
0.13 SER 1.22 0.11
0.13 ILE 1.82 0.07
0.0 THR 1.46 0.0
0.6 ASP 1.51 0.4
0.0 CYX 1.4 0.0
0.89 ARG 2.41 0.37
0.54 GLU 1.83 0.3
0.59 THR 1.46 0.4
0.56 GLY 0.85 0.66
1.05 SER 1.22 0.86
0.2 SER 1.22 0.16
1.01 LYS 2.11 0.48
0.89 TYR 2.29 0.39
0.99 PRO 1.43 0.69
0.75 ASN 1.58 0.47
0.33 CYX 1.4 0.23
0.26 ALA 1.13 0.23
0.19 TYR 2.29 0.08
1.09 LYS 2.11 0.51
0.33 THR 1.46 0.22
0.53 THR 1.46 0.37
0.69 GLN 1.89 0.37
0.46 ALA 1.13 0.41
1.01 ASN 1.58 0.64
0.58 LYS 2.11 0.27
0.53 HIS 1.94 0.27
0.0 ILE 1.82 0.0
0.23 ILE 1.82 0.13
0.0 VAL 1.6 0.0
0.07 ALA 1.13 0.06
0.0 CYX 1.4 0.0
0.87 GLU 1.83 0.48
0.61 GLY 0.85 0.71
1.23 ASN 1.58 0.78
1.07 PRO 1.43 0.75
0.91 TYR 2.29 0.4
0.33 VAL 1.6 0.21
0.11 PRO 1.43 0.08
0.33 VAL 1.6 0.21
0.59 HIS 1.94 0.31
0.45 PHE 2.18 0.21
0.2 ASP 1.51 0.13
0.33 ALA 1.13 0.29
0.4 SER 1.22 0.33
0.84 VAL 1.6 0.52
