0.88 HIS 1.94 0.45
1.19 LYS 2.11 0.56
0.0 SER 1.22 0.0
0.59 GLU 1.83 0.32
0.06 ILE 1.82 0.03
0.0 ALA 1.13 0.0
0.72 HIS 1.94 0.37
0.2 ARG 2.41 0.08
0.33 PHE 2.18 0.15
1.17 LYS 2.11 0.55
0.73 ASP 1.51 0.48
0.35 LEU 1.8 0.19
0.33 GLY 0.85 0.39
0.75 GLU 1.83 0.41
1.22 GLU 1.83 0.67
0.5 HIS 1.94 0.26
0.0 PHE 2.18 0.0
0.77 LYS 2.11 0.36
0.03 GLY 0.85 0.04
0.1 LEU 1.8 0.06
0.07 VAL 1.6 0.04
0.23 LEU 1.8 0.13
0.07 ILE 1.82 0.04
0.17 ALA 1.13 0.15
0.0 PHE 2.18 0.0
0.03 SER 1.22 0.03
0.1 GLN 1.89 0.05
0.28 TYR 2.29 0.12
0.09 LEU 1.8 0.05
0.17 GLN 1.89 0.09
1.1 GLN 1.89 0.58
0.21 CYS 1.4 0.15
0.79 PRO 1.43 0.55
0.22 PHE 2.18 0.1
0.99 ASP 1.51 0.66
1.15 GLU 1.83 0.63
0.1 HIS 1.94 0.05
0.53 VAL 1.6 0.33
0.75 LYS 2.11 0.36
0.45 LEU 1.8 0.25
0.07 VAL 1.6 0.04
0.65 ASN 1.58 0.41
1.12 GLU 1.83 0.61
0.26 LEU 1.8 0.15
0.15 THR 1.46 0.1
1.11 GLU 1.83 0.61
0.49 PHE 2.18 0.22
0.0 ALA 1.13 0.0
0.77 LYS 2.11 0.36
0.47 THR 1.46 0.32
0.0 CYX 1.4 0.0
0.44 VAL 1.6 0.27
0.82 ALA 1.13 0.73
0.69 ASP 1.51 0.46
0.56 GLU 1.83 0.31
1.03 SER 1.22 0.84
0.8 HIS 1.94 0.41
0.76 ALA 1.13 0.67
0.19 GLY 0.85 0.22
0.0 CYX 1.4 0.0
1.08 GLU 1.83 0.59
0.94 LYS 2.11 0.45
0.43 SER 1.22 0.36
0.3 LEU 1.8 0.17
0.54 HIS 1.94 0.28
0.4 THR 1.46 0.27
0.29 LEU 1.8 0.16
0.45 PHE 2.18 0.21
0.07 GLY 0.85 0.08
0.46 ASP 1.51 0.3
0.58 GLU 1.83 0.31
0.0 LEU 1.8 0.0
0.46 CYX 1.4 0.33
1.11 LYS 2.11 0.53
0.32 VAL 1.6 0.2
1.02 ALA 1.13 0.9
0.62 SER 1.22 0.51
0.17 LEU 1.8 0.09
1.23 ARG 2.41 0.51
0.93 GLU 1.83 0.51
0.47 THR 1.46 0.32
0.47 TYR 2.29 0.2
0.32 GLY 0.85 0.38
0.94 ASP 1.51 0.63
0.04 MET 2.04 0.02
0.17 ALA 1.13 0.15
0.62 ASP 1.51 0.41
0.0 CYX 1.4 0.0
0.46 CYX 1.4 0.33
1.34 GLU 1.83 0.73
0.88 LYS 2.11 0.42
1.25 GLN 1.89 0.66
0.57 GLU 1.83 0.31
0.85 PRO 1.43 0.59
0.83 GLU 1.83 0.46
0.25 ARG 2.41 0.11
0.19 ASN 1.58 0.12
0.91 GLU 1.83 0.5
0.21 CYX 1.4 0.15
0.09 PHE 2.18 0.04
0.36 LEU 1.8 0.2
0.77 SER 1.22 0.63
0.77 HIS 1.94 0.39
0.26 LYS 2.11 0.12
0.65 ASP 1.51 0.43
0.41 ASP 1.51 0.27
0.52 SER 1.22 0.42
0.43 PRO 1.43 0.3
1.24 ASP 1.51 0.82
0.55 LEU 1.8 0.31
0.99 PRO 1.43 0.69
0.91 LYS 2.11 0.43
0.89 LEU 1.8 0.49
0.82 LYS 2.11 0.39
0.65 PRO 1.43 0.45
0.69 ASP 1.51 0.46
0.26 PRO 1.43 0.18
1.07 ASN 1.58 0.68
0.67 THR 1.46 0.46
0.3 LEU 1.8 0.17
0.21 CYX 1.4 0.15
0.95 ASP 1.51 0.63
0.96 GLU 1.83 0.52
0.2 PHE 2.18 0.09
0.75 LYS 2.11 0.36
0.74 ALA 1.13 0.66
0.62 ASP 1.51 0.41
1.0 GLU 1.83 0.54
1.03 LYS 2.11 0.49
1.02 LYS 2.11 0.48
0.25 PHE 2.18 0.11
0.49 TRP 2.59 0.19
0.07 GLY 0.85 0.08
0.9 LYS 2.11 0.42
0.33 TYR 2.29 0.15
0.03 LEU 1.8 0.02
0.14 TYR 2.29 0.06
0.5 GLU 1.83 0.27
0.43 ILE 1.82 0.24
0.03 ALA 1.13 0.03
0.37 ARG 2.41 0.15
0.87 ARG 2.41 0.36
0.53 HIS 1.94 0.27
0.16 PRO 1.43 0.11
0.5 TYR 2.29 0.22
0.13 PHE 2.18 0.06
0.31 TYR 2.29 0.14
0.03 ALA 1.13 0.03
0.07 PRO 1.43 0.05
0.17 GLU 1.83 0.09
0.03 LEU 1.8 0.02
0.1 LEU 1.8 0.06
0.39 TYR 2.29 0.17
0.22 TYR 2.29 0.09
0.09 ALA 1.13 0.08
0.66 ASN 1.58 0.42
0.82 LYS 2.11 0.39
0.39 TYR 2.29 0.17
0.29 ASN 1.58 0.18
0.37 GLY 0.85 0.43
0.26 VAL 1.6 0.17
0.03 PHE 2.18 0.02
1.28 GLN 1.89 0.68
0.84 GLU 1.83 0.46
0.03 CYX 1.4 0.02
0.42 CYX 1.4 0.3
0.86 GLN 1.89 0.46
0.48 ALA 1.13 0.43
0.98 GLU 1.83 0.53
0.71 ASP 1.51 0.47
0.45 LYS 2.11 0.21
0.19 GLY 0.85 0.22
0.53 ALA 1.13 0.47
0.39 CYX 1.4 0.28
0.03 LEU 1.8 0.02
0.78 LEU 1.8 0.44
0.87 PRO 1.43 0.61
0.66 LYS 2.11 0.31
0.22 ILE 1.82 0.12
0.78 GLU 1.83 0.43
0.74 THR 1.46 0.5
0.17 MET 2.04 0.08
0.97 ARG 2.41 0.4
0.89 GLU 1.83 0.48
1.04 LYS 2.11 0.49
0.07 VAL 1.6 0.04
0.91 LEU 1.8 0.5
0.49 THR 1.46 0.33
0.33 SER 1.22 0.27
0.27 SER 1.22 0.22
0.38 ALA 1.13 0.33
0.89 ARG 2.41 0.37
0.1 GLN 1.89 0.05
0.58 ARG 2.41 0.24
0.26 LEU 1.8 0.15
0.63 ARG 2.41 0.26
0.12 CYX 1.4 0.09
0.2 ALA 1.13 0.18
0.14 SER 1.22 0.11
0.35 ILE 1.82 0.19
1.29 GLN 1.89 0.68
0.88 LYS 2.11 0.42
0.63 PHE 2.18 0.29
0.26 GLY 0.85 0.31
0.83 GLU 1.83 0.45
1.46 ARG 2.41 0.6
0.33 ALA 1.13 0.29
0.13 LEU 1.8 0.07
0.86 LYS 2.11 0.41
0.33 ALA 1.13 0.29
0.87 TRP 2.59 0.33
0.17 SER 1.22 0.14
0.26 VAL 1.6 0.17
0.0 ALA 1.13 0.0
0.78 ARG 2.41 0.32
0.2 LEU 1.8 0.11
0.0 SER 1.22 0.0
0.23 GLN 1.89 0.12
0.22 LYS 2.11 0.11
0.12 PHE 2.18 0.06
0.07 PRO 1.43 0.05
0.82 LYS 2.11 0.39
0.13 ALA 1.13 0.12
1.2 GLU 1.83 0.66
0.68 PHE 2.18 0.31
1.08 VAL 1.6 0.68
0.29 GLU 1.83 0.16
0.1 VAL 1.6 0.06
0.65 THR 1.46 0.45
0.76 LYS 2.11 0.36
0.17 LEU 1.8 0.09
0.07 VAL 1.6 0.04
0.73 THR 1.46 0.5
0.42 ASP 1.51 0.28
0.3 LEU 1.8 0.17
0.11 THR 1.46 0.08
0.99 LYS 2.11 0.47
0.03 VAL 1.6 0.02
0.09 HIS 1.94 0.05
0.62 LYS 2.11 0.29
0.4 GLU 1.83 0.22
0.16 CYX 1.4 0.12
0.19 CYX 1.4 0.13
1.04 HIS 1.94 0.54
0.14 GLY 0.85 0.17
0.19 ASP 1.51 0.13
0.21 LEU 1.8 0.12
0.2 LEU 1.8 0.11
0.57 GLU 1.83 0.31
0.0 CYX 1.4 0.0
0.11 ALA 1.13 0.1
0.16 ASP 1.51 0.11
0.39 ASP 1.51 0.26
0.37 ARG 2.41 0.15
0.29 ALA 1.13 0.25
0.89 ASP 1.51 0.59
0.26 LEU 1.8 0.15
0.1 ALA 1.13 0.09
0.53 LYS 2.11 0.25
0.69 TYR 2.29 0.3
0.17 ILE 1.82 0.09
0.24 CYX 1.4 0.17
1.16 ASP 1.51 0.77
0.41 ASN 1.58 0.26
0.61 GLN 1.89 0.32
1.17 ASP 1.51 0.78
0.7 THR 1.46 0.48
0.0 ILE 1.82 0.0
0.13 SER 1.22 0.1
0.91 SER 1.22 0.74
0.5 LYS 2.11 0.23
0.03 LEU 1.8 0.02
0.72 LYS 2.11 0.34
0.59 GLU 1.83 0.32
0.04 CYX 1.4 0.03
0.29 CYX 1.4 0.21
1.16 ASP 1.51 0.77
0.64 LYS 2.11 0.3
0.79 PRO 1.43 0.55
1.05 LEU 1.8 0.59
0.34 LEU 1.8 0.19
0.76 GLU 1.83 0.42
0.5 LYS 2.11 0.24
0.22 SER 1.22 0.18
0.37 HIS 1.94 0.19
0.33 CYX 1.4 0.24
0.25 ILE 1.82 0.14
0.6 ALA 1.13 0.53
1.37 GLU 1.83 0.75
0.23 VAL 1.6 0.14
1.08 GLU 1.83 0.59
0.96 LYS 2.11 0.45
0.33 ASP 1.51 0.22
0.81 ALA 1.13 0.72
0.68 ILE 1.82 0.38
0.4 PRO 1.43 0.28
1.54 GLU 1.83 0.84
0.95 ASN 1.58 0.6
0.69 LEU 1.8 0.38
0.88 PRO 1.43 0.62
1.0 PRO 1.43 0.7
0.28 LEU 1.8 0.16
0.66 THR 1.46 0.45
0.53 ALA 1.13 0.47
0.94 ASP 1.51 0.62
0.12 PHE 2.18 0.06
0.09 ALA 1.13 0.08
0.74 GLU 1.83 0.41
0.61 ASP 1.51 0.4
0.78 LYS 2.11 0.37
0.83 ASP 1.51 0.55
0.0 VAL 1.6 0.0
0.29 CYX 1.4 0.21
0.38 LYS 2.11 0.18
0.74 ASN 1.58 0.47
0.25 TYR 2.29 0.11
0.81 GLN 1.89 0.43
1.44 GLU 1.83 0.79
0.46 ALA 1.13 0.41
0.41 LYS 2.11 0.2
0.77 ASP 1.51 0.51
0.54 ALA 1.13 0.48
0.33 PHE 2.18 0.15
0.34 LEU 1.8 0.19
0.19 GLY 0.85 0.22
0.23 SER 1.22 0.19
0.12 PHE 2.18 0.06
0.13 LEU 1.8 0.07
0.16 TYR 2.29 0.07
0.29 GLU 1.83 0.16
0.49 TYR 2.29 0.21
0.0 SER 1.22 0.0
0.3 ARG 2.41 0.13
0.66 ARG 2.41 0.27
0.56 HIS 1.94 0.29
0.68 PRO 1.43 0.48
1.04 GLU 1.83 0.57
0.45 TYR 2.29 0.2
0.1 ALA 1.13 0.09
0.29 VAL 1.6 0.18
0.25 SER 1.22 0.2
0.07 VAL 1.6 0.04
0.06 LEU 1.8 0.03
0.27 LEU 1.8 0.15
0.23 ARG 2.41 0.1
0.03 LEU 1.8 0.02
0.23 ALA 1.13 0.2
0.67 LYS 2.11 0.32
0.66 GLU 1.83 0.36
0.03 TYR 2.29 0.01
0.71 GLU 1.83 0.39
0.55 ALA 1.13 0.49
0.35 THR 1.46 0.24
0.0 LEU 1.8 0.0
1.09 GLU 1.83 0.6
0.69 GLU 1.83 0.38
0.11 CYX 1.4 0.08
0.48 CYX 1.4 0.34
0.83 ALA 1.13 0.74
0.59 LYS 2.11 0.28
1.0 ASP 1.51 0.66
0.89 ASP 1.51 0.59
0.4 PRO 1.43 0.28
0.45 HIS 1.94 0.23
0.59 ALA 1.13 0.52
0.65 CYX 1.4 0.46
0.15 TYR 2.29 0.06
0.59 SER 1.22 0.49
0.81 THR 1.46 0.55
0.17 VAL 1.6 0.1
0.44 PHE 2.18 0.2
0.68 ASP 1.51 0.45
0.6 LYS 2.11 0.28
0.03 LEU 1.8 0.02
0.52 LYS 2.11 0.25
0.61 HIS 1.94 0.31
0.6 LEU 1.8 0.33
0.39 VAL 1.6 0.24
0.84 ASP 1.51 0.56
0.93 GLU 1.83 0.51
0.18 PRO 1.43 0.13
0.59 GLN 1.89 0.31
0.62 ASN 1.58 0.39
0.53 LEU 1.8 0.29
0.26 ILE 1.82 0.15
0.59 LYS 2.11 0.28
1.3 GLN 1.89 0.69
0.4 ASN 1.58 0.25
0.23 CYX 1.4 0.16
0.87 ASP 1.51 0.58
0.66 GLN 1.89 0.35
0.45 PHE 2.18 0.21
0.76 GLU 1.83 0.42
1.57 LYS 2.11 0.74
0.76 LEU 1.8 0.42
0.33 GLY 0.85 0.39
0.78 GLU 1.83 0.43
0.98 TYR 2.29 0.43
0.29 GLY 0.85 0.35
0.17 PHE 2.18 0.08
0.13 GLN 1.89 0.07
0.26 ASN 1.58 0.17
0.22 ALA 1.13 0.2
0.13 LEU 1.8 0.07
0.07 ILE 1.82 0.04
0.3 VAL 1.6 0.19
0.92 ARG 2.41 0.38
0.4 TYR 2.29 0.17
0.05 THR 1.46 0.03
0.93 ARG 2.41 0.39
0.3 LYS 2.11 0.14
0.13 VAL 1.6 0.08
0.21 PRO 1.43 0.15
1.09 GLN 1.89 0.58
0.03 VAL 1.6 0.02
0.47 SER 1.22 0.38
0.2 THR 1.46 0.14
0.91 PRO 1.43 0.63
0.28 THR 1.46 0.19
0.17 LEU 1.8 0.09
0.16 VAL 1.6 0.1
0.8 GLU 1.83 0.44
0.23 VAL 1.6 0.14
0.13 SER 1.22 0.1
0.53 ARG 2.41 0.22
0.41 SER 1.22 0.34
0.21 LEU 1.8 0.12
0.0 GLY 0.85 0.0
0.77 LYS 2.11 0.37
0.13 VAL 1.6 0.08
0.05 GLY 0.85 0.06
0.67 THR 1.46 0.46
0.42 ARG 2.41 0.17
0.02 CYX 1.4 0.02
0.34 CYX 1.4 0.25
0.91 THR 1.46 0.62
0.92 LYS 2.11 0.44
0.79 PRO 1.43 0.55
0.74 GLU 1.83 0.4
0.97 SER 1.22 0.8
0.79 GLU 1.83 0.43
0.4 ARG 2.41 0.16
0.4 MET 2.04 0.2
0.32 PRO 1.43 0.22
0.3 CYX 1.4 0.22
0.29 THR 1.46 0.2
0.12 GLU 1.83 0.07
0.45 ASP 1.51 0.3
0.78 TYR 2.29 0.34
0.4 LEU 1.8 0.22
0.34 SER 1.22 0.28
0.21 LEU 1.8 0.12
0.23 ILE 1.82 0.13
0.07 LEU 1.8 0.04
0.11 ASN 1.58 0.07
0.81 ARG 2.41 0.33
0.17 LEU 1.8 0.09
0.15 CYX 1.4 0.1
0.34 VAL 1.6 0.22
0.36 LEU 1.8 0.2
0.18 HIS 1.94 0.09
1.24 GLU 1.83 0.68
0.8 LYS 2.11 0.38
0.57 THR 1.46 0.39
0.9 PRO 1.43 0.63
0.69 VAL 1.6 0.43
0.07 SER 1.22 0.05
1.0 GLU 1.83 0.55
0.47 LYS 2.11 0.22
0.0 VAL 1.6 0.0
0.63 THR 1.46 0.43
0.95 LYS 2.11 0.45
0.06 CYX 1.4 0.04
0.16 CYX 1.4 0.11
0.83 THR 1.46 0.57
1.08 GLU 1.83 0.59
0.27 SER 1.22 0.22
0.52 LEU 1.8 0.29
0.4 VAL 1.6 0.25
0.58 ASN 1.58 0.37
0.31 ARG 2.41 0.13
0.48 ARG 2.41 0.2
0.55 PRO 1.43 0.39
0.4 CYX 1.4 0.29
0.03 PHE 2.18 0.02
0.65 SER 1.22 0.53
0.83 ALA 1.13 0.73
0.38 LEU 1.8 0.21
0.89 THR 1.46 0.61
0.88 PRO 1.43 0.62
0.66 ASP 1.51 0.44
1.0 GLU 1.83 0.55
1.01 THR 1.46 0.69
0.56 TYR 2.29 0.25
1.12 VAL 1.6 0.7
0.64 PRO 1.43 0.45
1.04 LYS 2.11 0.49
0.87 ALA 1.13 0.77
0.61 PHE 2.18 0.28
0.61 ASP 1.51 0.41
0.41 GLU 1.83 0.22
1.15 LYS 2.11 0.54
0.67 LEU 1.8 0.37
0.36 PHE 2.18 0.16
0.63 THR 1.46 0.43
0.52 PHE 2.18 0.24
1.25 HIS 1.94 0.65
0.47 ALA 1.13 0.42
0.86 ASP 1.51 0.57
0.33 ILE 1.82 0.18
0.34 CYX 1.4 0.24
0.58 THR 1.46 0.39
0.31 LEU 1.8 0.17
0.63 PRO 1.43 0.44
1.05 ASP 1.51 0.7
0.79 THR 1.46 0.54
0.79 GLU 1.83 0.43
0.89 LYS 2.11 0.42
0.63 GLN 1.89 0.33
0.69 ILE 1.82 0.38
1.17 LYS 2.11 0.56
0.59 LYS 2.11 0.28
0.06 GLN 1.89 0.03
0.56 THR 1.46 0.38
0.13 ALA 1.13 0.12
0.17 LEU 1.8 0.09
0.03 VAL 1.6 0.02
0.3 GLU 1.83 0.16
0.3 LEU 1.8 0.17
0.09 LEU 1.8 0.05
0.17 LYS 2.11 0.08
0.71 HIS 1.94 0.37
0.32 LYS 2.11 0.15
0.53 PRO 1.43 0.37
1.1 LYS 2.11 0.52
0.17 ALA 1.13 0.15
0.67 THR 1.46 0.46
0.79 GLU 1.83 0.43
0.71 GLU 1.83 0.39
0.58 GLN 1.89 0.31
0.23 LEU 1.8 0.13
0.64 LYS 2.11 0.3
0.66 THR 1.46 0.45
0.29 VAL 1.6 0.18
0.76 MET 2.04 0.37
0.61 GLU 1.83 0.33
0.81 ASN 1.58 0.51
0.69 PHE 2.18 0.32
0.96 VAL 1.6 0.6
0.6 ALA 1.13 0.53
0.23 PHE 2.18 0.11
0.53 VAL 1.6 0.33
0.72 ASP 1.51 0.48
0.59 LYS 2.11 0.28
0.0 CYX 1.4 0.0
0.55 CYX 1.4 0.39
0.85 ALA 1.13 0.75
0.45 ALA 1.13 0.4
0.98 ASP 1.51 0.65
0.58 ASP 1.51 0.38
0.35 LYS 2.11 0.16
0.7 GLU 1.83 0.38
0.54 ALA 1.13 0.48
0.21 CYX 1.4 0.15
0.21 PHE 2.18 0.1
0.26 ALA 1.13 0.23
0.77 VAL 1.6 0.48
0.81 GLU 1.83 0.44
0.2 GLY 0.85 0.23
0.33 PRO 1.43 0.23
0.42 LYS 2.11 0.2
0.26 LEU 1.8 0.15
0.3 VAL 1.6 0.19
0.56 VAL 1.6 0.35
0.67 SER 1.22 0.55
0.41 THR 1.46 0.28
0.43 GLN 1.89 0.23
0.92 THR 1.46 0.63
0.49 ALA 1.13 0.43
0.55 LEU 1.8 0.31
1.11 ALA 1.13 0.98
1.85 HIS 1.94 0.95
0.65 LYS 2.11 0.31
0.06 SER 1.22 0.05
0.57 GLU 1.83 0.31
0.06 ILE 1.82 0.03
0.03 ALA 1.13 0.03
0.67 HIS 1.94 0.34
0.34 ARG 2.41 0.14
0.32 PHE 2.18 0.15
1.23 LYS 2.11 0.58
0.72 ASP 1.51 0.47
0.44 LEU 1.8 0.24
0.3 GLY 0.85 0.35
0.81 GLU 1.83 0.44
1.06 GLU 1.83 0.58
0.54 HIS 1.94 0.28
0.03 PHE 2.18 0.02
0.71 LYS 2.11 0.34
0.03 GLY 0.85 0.04
0.0 LEU 1.8 0.0
0.1 VAL 1.6 0.06
0.2 LEU 1.8 0.11
0.07 ILE 1.82 0.04
0.13 ALA 1.13 0.12
0.03 PHE 2.18 0.02
0.0 SER 1.22 0.0
0.15 GLN 1.89 0.08
0.23 TYR 2.29 0.1
0.09 LEU 1.8 0.05
0.2 GLN 1.89 0.11
1.06 GLN 1.89 0.56
0.23 CYS 1.4 0.16
0.76 PRO 1.43 0.53
0.26 PHE 2.18 0.12
1.16 ASP 1.51 0.77
0.46 GLU 1.83 0.25
0.03 HIS 1.94 0.02
0.59 VAL 1.6 0.37
0.85 LYS 2.11 0.41
0.49 LEU 1.8 0.27
0.1 VAL 1.6 0.06
0.73 ASN 1.58 0.46
0.97 GLU 1.83 0.53
0.33 LEU 1.8 0.18
0.1 THR 1.46 0.07
1.07 GLU 1.83 0.58
0.63 PHE 2.18 0.29
0.0 ALA 1.13 0.0
0.68 LYS 2.11 0.32
0.5 THR 1.46 0.34
0.0 CYX 1.4 0.0
0.48 VAL 1.6 0.3
0.89 ALA 1.13 0.78
0.68 ASP 1.51 0.45
0.64 GLU 1.83 0.35
0.91 SER 1.22 0.75
0.83 HIS 1.94 0.43
0.77 ALA 1.13 0.68
0.21 GLY 0.85 0.24
0.09 CYX 1.4 0.06
1.07 GLU 1.83 0.58
0.94 LYS 2.11 0.44
0.47 SER 1.22 0.39
0.2 LEU 1.8 0.11
0.73 HIS 1.94 0.38
0.42 THR 1.46 0.29
0.29 LEU 1.8 0.16
0.33 PHE 2.18 0.15
0.03 GLY 0.85 0.04
0.65 ASP 1.51 0.43
0.4 GLU 1.83 0.22
0.0 LEU 1.8 0.0
0.48 CYX 1.4 0.34
1.17 LYS 2.11 0.55
0.47 VAL 1.6 0.29
1.0 ALA 1.13 0.89
0.55 SER 1.22 0.45
0.23 LEU 1.8 0.13
1.36 ARG 2.41 0.57
0.93 GLU 1.83 0.51
0.55 THR 1.46 0.37
0.46 TYR 2.29 0.2
0.35 GLY 0.85 0.42
0.99 ASP 1.51 0.65
0.04 MET 2.04 0.02
0.22 ALA 1.13 0.19
0.58 ASP 1.51 0.38
0.0 CYX 1.4 0.0
0.43 CYX 1.4 0.31
1.42 GLU 1.83 0.78
1.0 LYS 2.11 0.47
1.39 GLN 1.89 0.74
0.66 GLU 1.83 0.36
0.79 PRO 1.43 0.55
0.99 GLU 1.83 0.54
0.17 ARG 2.41 0.07
0.3 ASN 1.58 0.19
1.12 GLU 1.83 0.61
0.31 CYX 1.4 0.22
0.15 PHE 2.18 0.07
0.29 LEU 1.8 0.16
0.78 SER 1.22 0.64
0.72 HIS 1.94 0.37
0.26 LYS 2.11 0.12
0.54 ASP 1.51 0.36
0.5 ASP 1.51 0.33
0.46 SER 1.22 0.38
0.41 PRO 1.43 0.28
1.23 ASP 1.51 0.81
0.64 LEU 1.8 0.36
1.06 PRO 1.43 0.74
1.6 LYS 2.11 0.76
1.03 LEU 1.8 0.57
0.93 LYS 2.11 0.44
0.58 PRO 1.43 0.41
0.76 ASP 1.51 0.5
0.36 PRO 1.43 0.25
1.1 ASN 1.58 0.7
0.69 THR 1.46 0.47
0.36 LEU 1.8 0.2
0.25 CYX 1.4 0.18
0.92 ASP 1.51 0.61
0.77 GLU 1.83 0.42
0.13 PHE 2.18 0.06
0.81 LYS 2.11 0.38
0.81 ALA 1.13 0.72
0.67 ASP 1.51 0.44
1.0 GLU 1.83 0.54
1.0 LYS 2.11 0.47
0.92 LYS 2.11 0.44
0.21 PHE 2.18 0.1
0.46 TRP 2.59 0.18
0.07 GLY 0.85 0.08
1.03 LYS 2.11 0.49
0.34 TYR 2.29 0.15
0.03 LEU 1.8 0.02
0.11 TYR 2.29 0.05
0.34 GLU 1.83 0.19
0.4 ILE 1.82 0.22
0.0 ALA 1.13 0.0
0.29 ARG 2.41 0.12
0.62 ARG 2.41 0.26
0.5 HIS 1.94 0.26
0.07 PRO 1.43 0.05
0.52 TYR 2.29 0.23
0.09 PHE 2.18 0.04
0.33 TYR 2.29 0.15
0.0 ALA 1.13 0.0
0.12 PRO 1.43 0.09
0.21 GLU 1.83 0.12
0.03 LEU 1.8 0.02
0.09 LEU 1.8 0.05
0.44 TYR 2.29 0.19
0.22 TYR 2.29 0.09
0.03 ALA 1.13 0.03
0.71 ASN 1.58 0.45
0.74 LYS 2.11 0.35
0.38 TYR 2.29 0.16
0.27 ASN 1.58 0.17
0.4 GLY 0.85 0.47
0.2 VAL 1.6 0.12
0.0 PHE 2.18 0.0
1.22 GLN 1.89 0.64
0.83 GLU 1.83 0.46
0.07 CYX 1.4 0.05
0.39 CYX 1.4 0.28
0.79 GLN 1.89 0.42
0.59 ALA 1.13 0.52
1.12 GLU 1.83 0.61
0.75 ASP 1.51 0.49
0.38 LYS 2.11 0.18
0.19 GLY 0.85 0.22
0.43 ALA 1.13 0.38
0.39 CYX 1.4 0.28
0.0 LEU 1.8 0.0
0.77 LEU 1.8 0.43
0.68 PRO 1.43 0.48
0.57 LYS 2.11 0.27
0.25 ILE 1.82 0.13
0.94 GLU 1.83 0.52
0.78 THR 1.46 0.53
0.2 MET 2.04 0.1
0.77 ARG 2.41 0.32
1.0 GLU 1.83 0.55
1.1 LYS 2.11 0.52
0.03 VAL 1.6 0.02
0.88 LEU 1.8 0.49
0.54 THR 1.46 0.37
0.3 SER 1.22 0.24
0.3 SER 1.22 0.24
0.42 ALA 1.13 0.37
0.97 ARG 2.41 0.4
0.18 GLN 1.89 0.1
0.5 ARG 2.41 0.21
0.3 LEU 1.8 0.17
0.57 ARG 2.41 0.24
0.13 CYX 1.4 0.1
0.23 ALA 1.13 0.2
0.14 SER 1.22 0.11
0.42 ILE 1.82 0.23
1.18 GLN 1.89 0.62
1.1 LYS 2.11 0.52
0.7 PHE 2.18 0.32
0.38 GLY 0.85 0.45
0.84 GLU 1.83 0.46
1.66 ARG 2.41 0.69
0.33 ALA 1.13 0.3
0.13 LEU 1.8 0.07
0.43 LYS 2.11 0.2
0.23 ALA 1.13 0.2
0.64 TRP 2.59 0.25
0.16 SER 1.22 0.13
0.23 VAL 1.6 0.14
0.0 ALA 1.13 0.0
1.04 ARG 2.41 0.43
0.17 LEU 1.8 0.09
0.03 SER 1.22 0.03
0.15 GLN 1.89 0.08
0.22 LYS 2.11 0.11
0.16 PHE 2.18 0.07
0.07 PRO 1.43 0.05
1.04 LYS 2.11 0.49
0.07 ALA 1.13 0.06
1.21 GLU 1.83 0.66
0.78 PHE 2.18 0.36
1.15 VAL 1.6 0.72
0.33 GLU 1.83 0.18
0.07 VAL 1.6 0.04
0.52 THR 1.46 0.36
0.76 LYS 2.11 0.36
0.16 LEU 1.8 0.09
0.1 VAL 1.6 0.06
0.82 THR 1.46 0.56
0.5 ASP 1.51 0.33
0.36 LEU 1.8 0.2
0.17 THR 1.46 0.11
0.92 LYS 2.11 0.43
0.03 VAL 1.6 0.02
0.09 HIS 1.94 0.05
0.75 LYS 2.11 0.36
0.29 GLU 1.83 0.16
0.16 CYX 1.4 0.11
0.16 CYX 1.4 0.12
0.77 HIS 1.94 0.4
0.26 GLY 0.85 0.31
0.19 ASP 1.51 0.13
0.26 LEU 1.8 0.14
0.13 LEU 1.8 0.07
0.28 GLU 1.83 0.15
0.0 CYX 1.4 0.0
0.12 ALA 1.13 0.11
0.23 ASP 1.51 0.15
0.46 ASP 1.51 0.3
0.37 ARG 2.41 0.15
0.39 ALA 1.13 0.34
0.83 ASP 1.51 0.55
0.3 LEU 1.8 0.17
0.06 ALA 1.13 0.05
1.22 LYS 2.11 0.58
0.63 TYR 2.29 0.28
0.13 ILE 1.82 0.07
0.27 CYX 1.4 0.19
0.94 ASP 1.51 0.62
0.55 ASN 1.58 0.35
0.35 GLN 1.89 0.18
1.09 ASP 1.51 0.72
0.81 THR 1.46 0.56
0.0 ILE 1.82 0.0
0.13 SER 1.22 0.1
0.81 SER 1.22 0.66
0.81 LYS 2.11 0.38
0.03 LEU 1.8 0.02
1.39 LYS 2.11 0.66
0.76 GLU 1.83 0.42
0.07 CYX 1.4 0.05
0.31 CYX 1.4 0.22
1.25 ASP 1.51 0.83
0.74 LYS 2.11 0.35
0.86 PRO 1.43 0.6
0.96 LEU 1.8 0.54
0.41 LEU 1.8 0.23
0.79 GLU 1.83 0.43
0.54 LYS 2.11 0.26
0.2 SER 1.22 0.17
0.35 HIS 1.94 0.18
0.36 CYX 1.4 0.26
0.19 ILE 1.82 0.1
0.64 ALA 1.13 0.56
1.14 GLU 1.83 0.62
0.39 VAL 1.6 0.24
0.93 GLU 1.83 0.51
0.89 LYS 2.11 0.42
0.29 ASP 1.51 0.19
0.77 ALA 1.13 0.69
0.7 ILE 1.82 0.39
0.54 PRO 1.43 0.38
1.59 GLU 1.83 0.87
0.94 ASN 1.58 0.6
0.62 LEU 1.8 0.35
0.79 PRO 1.43 0.55
0.94 PRO 1.43 0.66
0.35 LEU 1.8 0.19
0.51 THR 1.46 0.35
0.4 ALA 1.13 0.35
0.9 ASP 1.51 0.59
0.19 PHE 2.18 0.09
0.07 ALA 1.13 0.06
1.12 GLU 1.83 0.61
0.49 ASP 1.51 0.32
0.72 LYS 2.11 0.34
1.0 ASP 1.51 0.67
0.07 VAL 1.6 0.04
0.23 CYX 1.4 0.17
0.47 LYS 2.11 0.22
0.73 ASN 1.58 0.46
0.09 TYR 2.29 0.04
0.62 GLN 1.89 0.33
0.84 GLU 1.83 0.46
0.56 ALA 1.13 0.5
0.9 LYS 2.11 0.43
0.7 ASP 1.51 0.46
0.5 ALA 1.13 0.44
0.4 PHE 2.18 0.18
0.35 LEU 1.8 0.2
0.13 GLY 0.85 0.16
0.29 SER 1.22 0.24
0.12 PHE 2.18 0.06
0.13 LEU 1.8 0.07
0.19 TYR 2.29 0.08
0.38 GLU 1.83 0.21
0.48 TYR 2.29 0.21
0.02 SER 1.22 0.02
0.22 ARG 2.41 0.09
0.56 ARG 2.41 0.23
0.52 HIS 1.94 0.27
0.41 PRO 1.43 0.28
0.89 GLU 1.83 0.48
0.43 TYR 2.29 0.19
0.16 ALA 1.13 0.14
0.24 VAL 1.6 0.15
0.29 SER 1.22 0.24
0.13 VAL 1.6 0.08
0.06 LEU 1.8 0.03
0.16 LEU 1.8 0.09
0.26 ARG 2.41 0.11
0.07 LEU 1.8 0.04
0.26 ALA 1.13 0.23
0.71 LYS 2.11 0.34
0.36 GLU 1.83 0.2
0.1 TYR 2.29 0.04
0.56 GLU 1.83 0.3
0.58 ALA 1.13 0.51
0.34 THR 1.46 0.23
0.03 LEU 1.8 0.02
1.09 GLU 1.83 0.6
1.04 GLU 1.83 0.57
0.1 CYX 1.4 0.07
0.44 CYX 1.4 0.32
0.89 ALA 1.13 0.78
1.13 LYS 2.11 0.54
1.0 ASP 1.51 0.66
0.97 ASP 1.51 0.64
0.3 PRO 1.43 0.21
0.67 HIS 1.94 0.34
0.59 ALA 1.13 0.52
0.45 CYX 1.4 0.32
0.19 TYR 2.29 0.08
0.48 SER 1.22 0.39
0.79 THR 1.46 0.54
0.11 VAL 1.6 0.07
0.52 PHE 2.18 0.24
0.94 ASP 1.51 0.62
0.73 LYS 2.11 0.34
0.1 LEU 1.8 0.06
0.46 LYS 2.11 0.22
1.02 HIS 1.94 0.53
0.48 LEU 1.8 0.26
0.44 VAL 1.6 0.28
0.91 ASP 1.51 0.6
0.86 GLU 1.83 0.47
0.12 PRO 1.43 0.09
1.05 GLN 1.89 0.55
0.62 ASN 1.58 0.39
0.58 LEU 1.8 0.32
0.17 ILE 1.82 0.09
0.53 LYS 2.11 0.25
0.63 GLN 1.89 0.33
0.57 ASN 1.58 0.36
0.24 CYX 1.4 0.17
0.89 ASP 1.51 0.59
0.3 GLN 1.89 0.16
0.49 PHE 2.18 0.22
1.02 GLU 1.83 0.56
0.85 LYS 2.11 0.4
1.0 LEU 1.8 0.55
0.26 GLY 0.85 0.31
0.77 GLU 1.83 0.42
0.89 TYR 2.29 0.39
0.23 GLY 0.85 0.27
0.17 PHE 2.18 0.08
0.13 GLN 1.89 0.07
0.32 ASN 1.58 0.2
0.45 ALA 1.13 0.4
0.13 LEU 1.8 0.07
0.13 ILE 1.82 0.07
0.26 VAL 1.6 0.17
0.91 ARG 2.41 0.38
0.43 TYR 2.29 0.19
0.16 THR 1.46 0.11
0.71 ARG 2.41 0.3
0.21 LYS 2.11 0.1
0.1 VAL 1.6 0.06
0.14 PRO 1.43 0.1
1.01 GLN 1.89 0.53
0.07 VAL 1.6 0.04
0.62 SER 1.22 0.5
0.11 THR 1.46 0.08
0.94 PRO 1.43 0.66
0.23 THR 1.46 0.16
0.23 LEU 1.8 0.13
0.16 VAL 1.6 0.1
0.78 GLU 1.83 0.43
0.2 VAL 1.6 0.12
0.14 SER 1.22 0.11
0.54 ARG 2.41 0.22
0.33 SER 1.22 0.27
0.18 LEU 1.8 0.1
0.02 GLY 0.85 0.03
0.77 LYS 2.11 0.37
0.2 VAL 1.6 0.12
0.07 GLY 0.85 0.08
0.62 THR 1.46 0.43
0.59 ARG 2.41 0.25
0.0 CYX 1.4 0.0
0.36 CYX 1.4 0.26
0.87 THR 1.46 0.6
0.49 LYS 2.11 0.23
0.96 PRO 1.43 0.67
0.95 GLU 1.83 0.52
0.93 SER 1.22 0.76
0.49 GLU 1.83 0.27
0.17 ARG 2.41 0.07
0.19 MET 2.04 0.09
0.48 PRO 1.43 0.33
0.34 CYX 1.4 0.24
0.24 THR 1.46 0.16
0.21 GLU 1.83 0.12
0.52 ASP 1.51 0.35
0.71 TYR 2.29 0.31
0.36 LEU 1.8 0.2
0.27 SER 1.22 0.22
0.18 LEU 1.8 0.1
0.33 ILE 1.82 0.18
0.07 LEU 1.8 0.04
0.1 ASN 1.58 0.06
0.79 ARG 2.41 0.33
0.1 LEU 1.8 0.06
0.09 CYX 1.4 0.06
0.25 VAL 1.6 0.15
0.47 LEU 1.8 0.26
0.34 HIS 1.94 0.17
1.03 GLU 1.83 0.56
1.06 LYS 2.11 0.5
0.59 THR 1.46 0.4
0.88 PRO 1.43 0.62
0.68 VAL 1.6 0.42
0.07 SER 1.22 0.05
1.0 GLU 1.83 0.54
0.42 LYS 2.11 0.2
0.0 VAL 1.6 0.0
0.53 THR 1.46 0.37
0.85 LYS 2.11 0.4
0.06 CYX 1.4 0.04
0.16 CYX 1.4 0.11
0.65 THR 1.46 0.44
1.13 GLU 1.83 0.62
0.26 SER 1.22 0.21
0.48 LEU 1.8 0.27
0.44 VAL 1.6 0.28
0.62 ASN 1.58 0.39
0.35 ARG 2.41 0.14
0.34 ARG 2.41 0.14
0.39 PRO 1.43 0.27
0.44 CYX 1.4 0.31
0.13 PHE 2.18 0.06
0.53 SER 1.22 0.44
0.6 ALA 1.13 0.53
0.4 LEU 1.8 0.22
0.84 THR 1.46 0.58
0.84 PRO 1.43 0.59
0.7 ASP 1.51 0.46
1.02 GLU 1.83 0.56
0.86 THR 1.46 0.59
0.73 TYR 2.29 0.32
1.02 VAL 1.6 0.64
0.64 PRO 1.43 0.45
0.89 LYS 2.11 0.42
0.77 ALA 1.13 0.68
0.56 PHE 2.18 0.26
0.58 ASP 1.51 0.38
0.45 GLU 1.83 0.25
0.75 LYS 2.11 0.36
0.69 LEU 1.8 0.39
0.48 PHE 2.18 0.22
0.64 THR 1.46 0.44
0.85 PHE 2.18 0.39
1.35 HIS 1.94 0.7
0.51 ALA 1.13 0.45
0.68 ASP 1.51 0.45
0.45 ILE 1.82 0.25
0.48 CYX 1.4 0.35
0.56 THR 1.46 0.38
0.46 LEU 1.8 0.26
0.69 PRO 1.43 0.48
1.09 ASP 1.51 0.72
0.73 THR 1.46 0.5
0.81 GLU 1.83 0.44
0.35 LYS 2.11 0.17
0.55 GLN 1.89 0.29
0.66 ILE 1.82 0.36
1.25 LYS 2.11 0.59
0.84 LYS 2.11 0.4
0.03 GLN 1.89 0.02
0.55 THR 1.46 0.37
0.22 ALA 1.13 0.2
0.4 LEU 1.8 0.22
0.07 VAL 1.6 0.04
0.25 GLU 1.83 0.14
0.46 LEU 1.8 0.26
0.16 LEU 1.8 0.09
0.16 LYS 2.11 0.08
0.62 HIS 1.94 0.32
0.23 LYS 2.11 0.11
0.5 PRO 1.43 0.35
1.16 LYS 2.11 0.55
0.17 ALA 1.13 0.15
0.6 THR 1.46 0.41
0.77 GLU 1.83 0.42
0.7 GLU 1.83 0.38
0.66 GLN 1.89 0.35
0.39 LEU 1.8 0.21
0.64 LYS 2.11 0.3
0.75 THR 1.46 0.52
0.48 VAL 1.6 0.3
0.59 MET 2.04 0.29
0.58 GLU 1.83 0.31
0.94 ASN 1.58 0.6
0.46 PHE 2.18 0.21
0.86 VAL 1.6 0.54
0.59 ALA 1.13 0.52
0.36 PHE 2.18 0.17
0.43 VAL 1.6 0.27
0.55 ASP 1.51 0.36
0.64 LYS 2.11 0.3
0.06 CYX 1.4 0.04
0.9 CYX 1.4 0.64
1.31 ASP 1.51 0.87
1.05 ASP 1.51 0.7
0.31 LYS 2.11 0.15
0.67 GLU 1.83 0.37
0.58 ALA 1.13 0.51
0.5 CYX 1.4 0.36
0.21 PHE 2.18 0.1
0.23 ALA 1.13 0.2
0.87 VAL 1.6 0.55
0.29 GLU 1.83 0.16
0.2 GLY 0.85 0.23
0.3 PRO 1.43 0.21
0.52 LYS 2.11 0.25
0.43 LEU 1.8 0.24
0.23 VAL 1.6 0.14
0.5 VAL 1.6 0.31
0.61 SER 1.22 0.5
0.58 THR 1.46 0.4
0.34 GLN 1.89 0.18
0.98 THR 1.46 0.67
0.57 ALA 1.13 0.51
0.59 LEU 1.8 0.33
1.2 ALA 1.13 1.06
