0.92 LYS 2.11 0.44
0.78 VAL 1.6 0.48
0.16 PHE 2.18 0.07
0.35 GLY 0.85 0.42
0.78 ARG 2.41 0.32
0.55 CYX 1.4 0.39
0.87 GLU 1.83 0.47
0.03 LEU 1.8 0.02
0.0 ALA 1.13 0.0
0.36 ALA 1.13 0.32
0.13 ALA 1.13 0.12
0.07 MET 2.04 0.03
0.78 LYS 2.11 0.37
1.53 ARG 2.41 0.63
0.59 HIS 1.94 0.31
0.39 GLY 0.85 0.46
0.0 LEU 1.8 0.0
0.78 ASP 1.51 0.52
0.25 ASN 1.58 0.16
0.46 TYR 2.29 0.2
0.57 ARG 2.41 0.24
0.31 GLY 0.85 0.37
0.65 TYR 2.29 0.28
0.51 SER 1.22 0.42
0.03 LEU 1.8 0.02
0.11 GLY 0.85 0.13
0.2 ASN 1.58 0.13
0.03 TRP 2.59 0.01
0.0 VAL 1.6 0.0
0.04 CYX 1.4 0.03
0.07 ALA 1.13 0.06
0.0 ALA 1.13 0.0
0.6 LYS 2.11 0.29
0.73 PHE 2.18 0.33
0.38 GLU 1.83 0.21
0.15 SER 1.22 0.12
0.77 ASN 1.58 0.49
0.2 PHE 2.18 0.09
0.13 ASN 1.58 0.08
0.06 THR 1.46 0.04
0.37 GLN 1.89 0.19
0.23 ALA 1.13 0.2
0.57 THR 1.46 0.39
0.72 ASN 1.58 0.46
1.05 ARG 2.41 0.44
0.53 ASN 1.58 0.34
1.46 THR 1.46 1.0
0.79 ASP 1.51 0.52
0.28 GLY 0.85 0.33
0.02 SER 1.22 0.02
0.2 THR 1.46 0.14
0.25 ASP 1.51 0.16
0.35 TYR 2.29 0.15
0.0 GLY 0.85 0.0
0.18 ILE 1.82 0.1
0.16 LEU 1.8 0.09
0.31 GLN 1.89 0.16
0.07 ILE 1.82 0.04
0.34 ASN 1.58 0.21
0.02 SER 1.22 0.02
0.89 ARG 2.41 0.37
1.27 TRP 2.59 0.49
0.44 TRP 2.59 0.17
0.02 CYX 1.4 0.02
0.77 ASN 1.58 0.49
0.5 ASP 1.51 0.33
0.66 GLY 0.85 0.77
1.37 ARG 2.41 0.57
0.19 THR 1.46 0.13
0.95 PRO 1.43 0.67
0.54 GLY 0.85 0.64
0.42 SER 1.22 0.34
1.3 ARG 2.41 0.54
0.42 ASN 1.58 0.27
1.01 LEU 1.8 0.56
0.07 CYX 1.4 0.05
1.09 ASN 1.58 0.69
0.46 ILE 1.82 0.25
0.73 PRO 1.43 0.51
0.03 CYX 1.4 0.02
0.81 SER 1.22 0.67
0.39 ALA 1.13 0.34
0.08 LEU 1.8 0.04
0.33 LEU 1.8 0.18
0.49 SER 1.22 0.4
0.58 SER 1.22 0.48
0.84 ASP 1.51 0.56
0.16 ILE 1.82 0.09
0.6 THR 1.46 0.41
0.41 ALA 1.13 0.36
0.13 SER 1.22 0.1
0.13 VAL 1.6 0.08
0.75 ASN 1.58 0.48
0.0 CYX 1.4 0.0
0.0 ALA 1.13 0.0
0.49 LYS 2.11 0.23
0.94 LYS 2.11 0.44
0.19 ILE 1.82 0.11
0.07 VAL 1.6 0.04
0.64 SER 1.22 0.52
0.84 ASP 1.51 0.56
0.46 GLY 0.85 0.54
1.11 ASN 1.58 0.7
0.15 GLY 0.85 0.17
0.06 MET 2.04 0.03
0.48 ASN 1.58 0.3
0.59 ALA 1.13 0.52
0.22 TRP 2.59 0.09
0.79 VAL 1.6 0.5
0.1 ALA 1.13 0.09
0.22 TRP 2.59 0.09
1.01 ARG 2.41 0.42
0.99 ASN 1.58 0.63
1.33 ARG 2.41 0.55
0.02 CYX 1.4 0.02
1.05 LYS 2.11 0.5
0.78 GLY 0.85 0.92
0.84 THR 1.46 0.58
0.74 ASP 1.51 0.49
0.22 VAL 1.6 0.14
0.91 GLN 1.89 0.48
0.58 ALA 1.13 0.51
0.5 TRP 2.59 0.19
0.41 ILE 1.82 0.23
1.3 ARG 2.41 0.54
0.66 GLY 0.85 0.78
0.3 CYX 1.4 0.21
2.0 ARG 2.41 0.83
0.78 LEU 1.8 0.44
