0.93 ILE 1.82 0.51
0.27 VAL 1.6 0.17
1.18 THR 1.46 0.81
0.94 GLN 1.89 0.5
0.7 THR 1.46 0.48
0.54 MET 2.04 0.27
1.71 LYS 2.11 0.81
0.67 GLY 0.85 0.78
0.31 LEU 1.8 0.17
0.54 ASP 1.51 0.36
0.34 ILE 1.82 0.19
0.87 GLN 1.89 0.46
1.22 LYS 2.11 0.58
0.17 VAL 1.6 0.1
0.38 ALA 1.13 0.33
0.31 GLY 0.85 0.37
0.81 THR 1.46 0.55
0.07 TRP 2.59 0.03
0.58 TYR 2.29 0.25
0.06 SER 1.22 0.05
0.07 LEU 1.8 0.04
0.0 ALA 1.13 0.0
0.09 MET 2.04 0.05
0.09 ALA 1.13 0.08
0.0 ALA 1.13 0.0
0.02 SER 1.22 0.02
0.49 ASP 1.51 0.32
1.01 ILE 1.82 0.55
0.78 SER 1.22 0.64
0.2 LEU 1.8 0.11
0.06 LEU 1.8 0.03
0.88 ASP 1.51 0.58
0.46 ALA 1.13 0.41
0.99 GLN 1.89 0.53
0.71 SER 1.22 0.58
0.12 ALA 1.13 0.11
0.74 PRO 1.43 0.52
0.61 LEU 1.8 0.34
0.34 ARG 2.41 0.14
0.36 VAL 1.6 0.23
0.2 TYR 2.29 0.09
0.22 VAL 1.6 0.14
0.64 GLU 1.83 0.35
0.47 GLU 1.83 0.26
0.16 LEU 1.8 0.09
0.78 LYS 2.11 0.37
0.31 PRO 1.43 0.22
0.42 THR 1.46 0.29
1.18 PRO 1.43 0.83
1.08 GLU 1.83 0.59
0.28 GLY 0.85 0.33
0.35 ASP 1.51 0.23
0.2 LEU 1.8 0.11
0.25 GLU 1.83 0.14
0.33 ILE 1.82 0.18
0.33 LEU 1.8 0.18
0.3 LEU 1.8 0.17
0.25 GLN 1.89 0.13
0.36 LYS 2.11 0.17
0.71 TRP 2.59 0.27
0.55 GLU 1.83 0.3
1.23 ASN 1.58 0.78
0.53 GLY 0.85 0.62
0.85 GLU 1.83 0.47
0.31 CYX 1.4 0.22
0.23 ALA 1.13 0.2
0.99 GLN 1.89 0.52
0.79 LYS 2.11 0.37
1.25 LYS 2.11 0.59
0.59 ILE 1.82 0.33
0.63 ILE 1.82 0.34
0.03 ALA 1.13 0.03
0.74 GLU 1.83 0.4
0.65 LYS 2.11 0.31
0.57 THR 1.46 0.39
1.71 LYS 2.11 0.81
1.01 ILE 1.82 0.56
0.74 PRO 1.43 0.52
0.0 ALA 1.13 0.0
0.2 VAL 1.6 0.12
0.1 PHE 2.18 0.05
0.66 LYS 2.11 0.31
0.44 ILE 1.82 0.24
0.75 ASP 1.51 0.5
0.79 ALA 1.13 0.7
1.38 LEU 1.8 0.77
0.8 ASN 1.58 0.5
0.92 GLU 1.83 0.5
0.59 ASN 1.58 0.37
0.76 LYS 2.11 0.36
0.33 VAL 1.6 0.21
0.13 LEU 1.8 0.07
0.13 VAL 1.6 0.08
0.12 LEU 1.8 0.07
0.28 ASP 1.51 0.18
0.15 THR 1.46 0.1
0.44 ASP 1.51 0.29
0.42 TYR 2.29 0.18
1.19 LYS 2.11 0.56
1.03 LYS 2.11 0.49
0.22 TYR 2.29 0.1
0.17 LEU 1.8 0.09
0.1 LEU 1.8 0.06
0.33 PHE 2.18 0.15
0.07 CYX 1.4 0.05
0.49 MET 2.04 0.24
0.23 GLU 1.83 0.13
0.34 ASN 1.58 0.21
0.46 SER 1.22 0.37
0.96 ALA 1.13 0.85
0.55 GLU 1.83 0.3
0.46 PRO 1.43 0.32
0.71 GLU 1.83 0.39
0.84 GLN 1.89 0.44
0.37 SER 1.22 0.3
0.0 LEU 1.8 0.0
0.06 ALA 1.13 0.05
0.06 CYX 1.4 0.04
0.07 GLN 1.89 0.03
0.0 CYS 1.4 0.0
0.03 LEU 1.8 0.02
0.1 VAL 1.6 0.06
0.49 ARG 2.41 0.2
0.61 THR 1.46 0.42
0.48 PRO 1.43 0.33
1.15 GLU 1.83 0.63
0.8 VAL 1.6 0.5
0.38 ASP 1.51 0.25
0.93 ASP 1.51 0.62
1.46 GLU 1.83 0.8
0.06 ALA 1.13 0.05
0.3 LEU 1.8 0.17
0.92 GLU 1.83 0.5
0.81 LYS 2.11 0.38
0.1 PHE 2.18 0.05
0.68 ASP 1.51 0.45
1.07 LYS 2.11 0.51
0.25 ALA 1.13 0.22
0.29 LEU 1.8 0.16
1.73 LYS 2.11 0.82
0.84 ALA 1.13 0.74
0.29 LEU 1.8 0.16
0.56 PRO 1.43 0.39
0.44 MET 2.04 0.22
1.19 HIS 1.94 0.62
0.2 ILE 1.82 0.11
1.01 ARG 2.41 0.42
0.5 LEU 1.8 0.28
0.54 SER 1.22 0.45
0.37 PHE 2.18 0.17
0.63 ASN 1.58 0.4
0.63 PRO 1.43 0.44
0.84 THR 1.46 0.57
0.51 GLN 1.89 0.27
0.18 LEU 1.8 0.1
1.0 GLU 1.83 0.55
0.87 GLU 1.83 0.47
1.01 GLN 1.89 0.53
0.13 CYX 1.4 0.09
0.19 HIS 1.94 0.1
1.17 ILE 1.82 0.64
