1.82 LEU 1.8 1.01
0.51 ILE 1.82 0.28
0.23 VAL 1.6 0.14
1.2 THR 1.46 0.82
0.88 GLN 1.89 0.47
0.84 THR 1.46 0.57
0.47 MET 2.04 0.23
1.81 LYS 2.11 0.86
0.66 GLY 0.85 0.78
0.37 LEU 1.8 0.2
0.64 ASP 1.51 0.42
0.31 ILE 1.82 0.17
1.18 GLN 1.89 0.62
1.13 LYS 2.11 0.54
0.03 VAL 1.6 0.02
0.4 ALA 1.13 0.36
0.26 GLY 0.85 0.3
0.84 THR 1.46 0.57
0.12 TRP 2.59 0.05
0.58 TYR 2.29 0.26
0.0 SER 1.22 0.0
0.03 LEU 1.8 0.02
0.0 ALA 1.13 0.0
0.09 MET 2.04 0.05
0.06 ALA 1.13 0.05
0.03 ALA 1.13 0.03
0.17 SER 1.22 0.14
0.66 ASP 1.51 0.44
0.63 ILE 1.82 0.34
0.6 SER 1.22 0.49
0.33 LEU 1.8 0.18
0.09 LEU 1.8 0.05
0.84 ASP 1.51 0.56
0.59 ALA 1.13 0.53
0.49 GLN 1.89 0.26
0.74 SER 1.22 0.6
0.03 ALA 1.13 0.03
0.71 PRO 1.43 0.49
0.1 LEU 1.8 0.06
0.36 ARG 2.41 0.15
0.2 VAL 1.6 0.12
0.12 TYR 2.29 0.05
0.17 VAL 1.6 0.11
0.65 GLU 1.83 0.35
0.45 GLU 1.83 0.25
0.09 LEU 1.8 0.05
0.82 LYS 2.11 0.39
0.3 PRO 1.43 0.21
0.33 THR 1.46 0.23
1.31 PRO 1.43 0.91
1.12 GLU 1.83 0.61
0.29 GLY 0.85 0.34
0.33 ASP 1.51 0.22
0.1 LEU 1.8 0.06
0.51 GLU 1.83 0.28
0.3 ILE 1.82 0.16
0.5 LEU 1.8 0.28
0.13 LEU 1.8 0.07
0.15 GLN 1.89 0.08
0.39 LYS 2.11 0.18
0.72 TRP 2.59 0.28
1.31 GLU 1.83 0.72
1.32 ASN 1.58 0.84
0.54 GLY 0.85 0.64
1.04 GLU 1.83 0.57
0.2 CYX 1.4 0.14
0.46 ALA 1.13 0.41
1.28 GLN 1.89 0.68
0.96 LYS 2.11 0.46
1.25 LYS 2.11 0.59
0.29 ILE 1.82 0.16
0.92 ILE 1.82 0.51
0.03 ALA 1.13 0.03
0.84 GLU 1.83 0.46
1.16 LYS 2.11 0.55
0.61 THR 1.46 0.42
1.89 LYS 2.11 0.9
1.01 ILE 1.82 0.56
0.93 PRO 1.43 0.65
0.0 ALA 1.13 0.0
0.21 VAL 1.6 0.13
0.17 PHE 2.18 0.08
1.22 LYS 2.11 0.58
0.31 ILE 1.82 0.17
1.27 ASP 1.51 0.84
0.61 ALA 1.13 0.54
0.43 LEU 1.8 0.24
1.18 ASN 1.58 0.75
0.22 GLU 1.83 0.12
0.59 ASN 1.58 0.37
0.69 LYS 2.11 0.33
0.17 VAL 1.6 0.1
0.2 LEU 1.8 0.11
0.16 VAL 1.6 0.1
0.23 LEU 1.8 0.13
0.5 ASP 1.51 0.33
0.08 THR 1.46 0.05
0.38 ASP 1.51 0.25
0.41 TYR 2.29 0.18
1.36 LYS 2.11 0.64
1.05 LYS 2.11 0.5
0.26 TYR 2.29 0.11
0.07 LEU 1.8 0.04
0.13 LEU 1.8 0.07
0.3 PHE 2.18 0.14
0.1 CYX 1.4 0.07
0.34 MET 2.04 0.17
0.17 GLU 1.83 0.09
0.34 ASN 1.58 0.21
0.78 SER 1.22 0.64
0.75 ALA 1.13 0.66
0.97 GLU 1.83 0.53
0.43 PRO 1.43 0.3
1.03 GLU 1.83 0.56
1.09 GLN 1.89 0.58
0.1 SER 1.22 0.08
0.03 LEU 1.8 0.02
0.16 ALA 1.13 0.14
0.07 CYX 1.4 0.05
0.09 GLN 1.89 0.05
0.0 CYS 1.4 0.0
0.03 LEU 1.8 0.02
0.1 VAL 1.6 0.06
0.52 ARG 2.41 0.22
0.68 THR 1.46 0.47
0.51 PRO 1.43 0.36
1.09 GLU 1.83 0.6
0.61 VAL 1.6 0.38
0.45 ASP 1.51 0.3
1.01 ASP 1.51 0.67
1.17 GLU 1.83 0.64
0.16 ALA 1.13 0.14
0.36 LEU 1.8 0.2
0.75 GLU 1.83 0.41
0.92 LYS 2.11 0.44
0.03 PHE 2.18 0.02
0.61 ASP 1.51 0.41
1.15 LYS 2.11 0.55
0.34 ALA 1.13 0.3
0.3 LEU 1.8 0.17
1.43 LYS 2.11 0.68
0.77 ALA 1.13 0.68
0.26 LEU 1.8 0.14
0.49 PRO 1.43 0.34
0.34 MET 2.04 0.17
1.29 HIS 1.94 0.66
0.33 ILE 1.82 0.18
1.11 ARG 2.41 0.46
0.56 LEU 1.8 0.31
0.58 SER 1.22 0.48
0.39 PHE 2.18 0.18
0.64 ASN 1.58 0.41
0.59 PRO 1.43 0.42
0.89 THR 1.46 0.61
0.43 GLN 1.89 0.23
0.08 LEU 1.8 0.04
1.08 GLU 1.83 0.59
0.79 GLU 1.83 0.43
1.03 GLN 1.89 0.54
0.06 CYX 1.4 0.04
0.28 HIS 1.94 0.15
1.2 ILE 1.82 0.66
