0.42 SER 1.22 0.34
0.64 GLU 1.83 0.35
0.09 VAL 1.6 0.06
0.03 ALA 1.13 0.03
0.89 HIS 1.94 0.46
0.28 ARG 2.41 0.12
0.25 PHE 2.18 0.12
1.04 LYS 2.11 0.49
0.66 ASP 1.51 0.44
0.42 LEU 1.8 0.23
0.36 GLY 0.85 0.43
0.64 GLU 1.83 0.35
1.36 GLU 1.83 0.74
0.57 ASN 1.58 0.36
0.0 PHE 2.18 0.0
0.69 LYS 2.11 0.33
0.2 ALA 1.13 0.18
0.06 LEU 1.8 0.03
0.0 VAL 1.6 0.0
0.13 LEU 1.8 0.07
0.07 ILE 1.82 0.04
0.17 ALA 1.13 0.15
0.07 PHE 2.18 0.03
0.0 ALA 1.13 0.0
0.16 GLN 1.89 0.09
0.41 TYR 2.29 0.18
0.13 LEU 1.8 0.07
0.22 GLN 1.89 0.12
0.89 GLN 1.89 0.47
0.08 CYS 1.4 0.06
0.63 PRO 1.43 0.44
0.19 PHE 2.18 0.09
1.11 GLU 1.83 0.61
0.45 ASP 1.51 0.3
0.14 HIS 1.94 0.07
0.33 VAL 1.6 0.21
0.69 LYS 2.11 0.32
0.07 LEU 1.8 0.04
0.17 VAL 1.6 0.1
0.62 ASN 1.58 0.39
0.69 GLU 1.83 0.38
0.1 VAL 1.6 0.06
0.07 THR 1.46 0.05
0.98 GLU 1.83 0.54
0.69 PHE 2.18 0.32
0.0 ALA 1.13 0.0
0.8 LYS 2.11 0.38
0.65 THR 1.46 0.44
0.0 CYX 1.4 0.0
0.53 VAL 1.6 0.33
0.7 ALA 1.13 0.62
0.63 ASP 1.51 0.42
0.87 GLU 1.83 0.48
0.93 SER 1.22 0.77
0.46 ALA 1.13 0.4
1.08 GLU 1.83 0.59
0.34 ASN 1.58 0.22
0.11 CYX 1.4 0.08
1.16 ASP 1.51 0.77
0.69 LYS 2.11 0.33
0.63 SER 1.22 0.52
0.27 LEU 1.8 0.15
0.48 HIS 1.94 0.25
0.44 THR 1.46 0.3
0.28 LEU 1.8 0.15
0.36 PHE 2.18 0.17
0.03 GLY 0.85 0.04
0.31 ASP 1.51 0.21
0.28 LYS 2.11 0.13
0.07 LEU 1.8 0.04
0.03 CYX 1.4 0.02
0.31 THR 1.46 0.21
0.33 VAL 1.6 0.21
0.06 ALA 1.13 0.05
0.81 THR 1.46 0.56
0.99 LEU 1.8 0.55
1.62 ARG 2.41 0.67
1.6 GLU 1.83 0.87
0.82 THR 1.46 0.56
0.36 TYR 2.29 0.16
0.34 GLY 0.85 0.4
1.39 GLU 1.83 0.76
0.43 MET 2.04 0.21
0.27 ALA 1.13 0.24
0.92 ASP 1.51 0.61
0.0 CYX 1.4 0.0
0.39 CYX 1.4 0.28
0.85 ALA 1.13 0.76
0.89 LYS 2.11 0.42
1.04 GLN 1.89 0.55
0.56 GLU 1.83 0.31
0.88 PRO 1.43 0.62
0.66 GLU 1.83 0.36
0.21 ARG 2.41 0.09
0.11 ASN 1.58 0.07
1.14 GLU 1.83 0.62
0.07 CYX 1.4 0.05
0.21 PHE 2.18 0.1
0.4 LEU 1.8 0.22
1.36 GLN 1.89 0.72
0.65 HIS 1.94 0.34
0.57 LYS 2.11 0.27
0.51 ASP 1.51 0.34
0.67 ASP 1.51 0.44
0.87 ASN 1.58 0.55
0.23 PRO 1.43 0.16
1.23 ASN 1.58 0.78
0.38 LEU 1.8 0.21
0.92 PRO 1.43 0.64
1.8 ARG 2.41 0.75
1.1 LEU 1.8 0.61
1.13 VAL 1.6 0.7
1.03 ARG 2.41 0.43
0.66 PRO 1.43 0.46
0.99 GLU 1.83 0.54
0.25 VAL 1.6 0.15
0.79 ASP 1.51 0.53
0.74 VAL 1.6 0.46
0.3 MET 2.04 0.15
0.13 CYX 1.4 0.1
0.73 THR 1.46 0.5
0.46 ALA 1.13 0.41
0.07 PHE 2.18 0.03
1.03 HIS 1.94 0.53
0.82 ASP 1.51 0.54
0.7 ASN 1.58 0.45
0.7 GLU 1.83 0.38
1.21 GLU 1.83 0.66
0.65 THR 1.46 0.45
0.38 PHE 2.18 0.17
0.32 LEU 1.8 0.18
0.73 LYS 2.11 0.35
0.99 LYS 2.11 0.47
0.37 TYR 2.29 0.16
0.13 LEU 1.8 0.07
0.11 TYR 2.29 0.05
0.33 GLU 1.83 0.18
0.43 ILE 1.82 0.24
0.02 ALA 1.13 0.02
0.28 ARG 2.41 0.12
0.66 ARG 2.41 0.28
0.54 HIS 1.94 0.28
0.07 PRO 1.43 0.05
0.57 TYR 2.29 0.25
0.17 PHE 2.18 0.08
0.25 TYR 2.29 0.11
0.0 ALA 1.13 0.0
0.19 PRO 1.43 0.13
0.24 GLU 1.83 0.13
0.07 LEU 1.8 0.04
0.25 LEU 1.8 0.14
0.23 PHE 2.18 0.11
0.17 PHE 2.18 0.08
0.1 ALA 1.13 0.09
0.8 LYS 2.11 0.38
0.79 ARG 2.41 0.33
0.24 TYR 2.29 0.11
0.72 LYS 2.11 0.34
0.54 ALA 1.13 0.48
0.17 ALA 1.13 0.15
0.03 PHE 2.18 0.02
0.79 THR 1.46 0.54
0.89 GLU 1.83 0.48
0.03 CYX 1.4 0.02
0.17 CYX 1.4 0.12
1.22 GLN 1.89 0.65
0.26 ALA 1.13 0.23
0.83 ALA 1.13 0.73
0.74 ASP 1.51 0.49
0.64 LYS 2.11 0.3
0.26 ALA 1.13 0.23
0.38 ALA 1.13 0.34
0.39 CYX 1.4 0.28
0.03 LEU 1.8 0.02
0.4 LEU 1.8 0.22
0.82 PRO 1.43 0.57
0.69 LYS 2.11 0.33
0.25 LEU 1.8 0.14
0.6 ASP 1.51 0.4
1.01 GLU 1.83 0.55
0.3 LEU 1.8 0.17
1.47 ARG 2.41 0.61
0.89 ASP 1.51 0.59
0.73 GLU 1.83 0.4
0.17 GLY 0.85 0.19
0.99 LYS 2.11 0.47
0.49 ALA 1.13 0.43
0.27 SER 1.22 0.22
0.28 SER 1.22 0.23
0.44 ALA 1.13 0.39
0.91 LYS 2.11 0.43
0.11 GLN 1.89 0.06
0.46 ARG 2.41 0.19
0.49 LEU 1.8 0.27
0.44 LYS 2.11 0.21
0.07 CYX 1.4 0.05
0.19 ALA 1.13 0.17
0.18 SER 1.22 0.15
0.44 LEU 1.8 0.25
0.94 GLN 1.89 0.5
1.27 LYS 2.11 0.6
0.66 PHE 2.18 0.3
0.33 GLY 0.85 0.39
0.95 GLU 1.83 0.52
1.46 ARG 2.41 0.61
0.36 ALA 1.13 0.32
0.1 PHE 2.18 0.05
0.74 LYS 2.11 0.35
0.36 ALA 1.13 0.32
0.94 TRP 2.59 0.36
0.03 ALA 1.13 0.03
0.26 VAL 1.6 0.17
0.0 ALA 1.13 0.0
0.52 ARG 2.41 0.21
0.3 LEU 1.8 0.17
0.0 SER 1.22 0.0
0.19 GLN 1.89 0.1
0.34 ARG 2.41 0.14
0.21 PHE 2.18 0.1
0.07 PRO 1.43 0.05
0.99 LYS 2.11 0.47
0.07 ALA 1.13 0.06
1.23 GLU 1.83 0.67
0.52 PHE 2.18 0.24
0.75 ALA 1.13 0.67
0.43 GLU 1.83 0.24
0.03 VAL 1.6 0.02
0.54 SER 1.22 0.44
0.7 LYS 2.11 0.33
0.06 LEU 1.8 0.03
0.1 VAL 1.6 0.06
0.86 THR 1.46 0.59
0.38 ASP 1.51 0.25
0.43 LEU 1.8 0.24
0.16 THR 1.46 0.11
1.12 LYS 2.11 0.53
0.1 VAL 1.6 0.06
0.08 HIS 1.94 0.04
0.65 THR 1.46 0.44
0.32 GLU 1.83 0.18
0.14 CYX 1.4 0.1
0.11 CYX 1.4 0.08
0.7 HIS 1.94 0.36
0.22 GLY 0.85 0.26
0.32 ASP 1.51 0.21
0.19 LEU 1.8 0.11
0.06 LEU 1.8 0.03
0.3 GLU 1.83 0.16
0.0 CYX 1.4 0.0
0.11 ALA 1.13 0.1
0.21 ASP 1.51 0.14
0.46 ASP 1.51 0.3
0.41 ARG 2.41 0.17
0.4 ALA 1.13 0.35
0.87 ASP 1.51 0.58
0.23 LEU 1.8 0.13
0.13 ALA 1.13 0.12
1.11 LYS 2.11 0.53
0.64 TYR 2.29 0.28
0.2 ILE 1.82 0.11
0.21 CYX 1.4 0.15
1.18 GLU 1.83 0.64
0.56 ASN 1.58 0.35
0.43 GLN 1.89 0.23
1.38 ASP 1.51 0.91
0.64 SER 1.22 0.53
0.03 ILE 1.82 0.02
0.22 SER 1.22 0.18
0.7 SER 1.22 0.57
0.74 LYS 2.11 0.35
0.0 LEU 1.8 0.0
1.14 LYS 2.11 0.54
1.01 GLU 1.83 0.55
0.04 CYX 1.4 0.03
0.3 CYX 1.4 0.21
1.43 GLU 1.83 0.78
1.01 LYS 2.11 0.48
0.83 PRO 1.43 0.58
0.92 LEU 1.8 0.51
0.53 LEU 1.8 0.3
0.5 GLU 1.83 0.27
0.43 LYS 2.11 0.2
0.18 SER 1.22 0.15
0.48 HIS 1.94 0.25
0.31 CYX 1.4 0.22
0.22 ILE 1.82 0.12
0.38 ALA 1.13 0.33
0.91 GLU 1.83 0.5
0.35 VAL 1.6 0.22
1.23 GLU 1.83 0.67
0.66 ASN 1.58 0.42
0.17 ASP 1.51 0.11
1.0 GLU 1.83 0.55
0.72 MET 2.04 0.35
0.39 PRO 1.43 0.27
0.6 ALA 1.13 0.54
0.94 ASP 1.51 0.63
0.64 LEU 1.8 0.36
0.94 PRO 1.43 0.66
0.46 SER 1.22 0.38
0.12 LEU 1.8 0.07
0.22 ALA 1.13 0.2
0.52 ALA 1.13 0.46
0.96 ASP 1.51 0.64
0.23 PHE 2.18 0.11
0.11 VAL 1.6 0.07
0.97 GLU 1.83 0.53
0.4 SER 1.22 0.33
1.25 LYS 2.11 0.59
0.81 ASP 1.51 0.54
0.06 VAL 1.6 0.04
0.36 CYX 1.4 0.25
1.38 LYS 2.11 0.66
0.82 ASN 1.58 0.52
0.17 TYR 2.29 0.07
0.6 ALA 1.13 0.53
1.17 GLU 1.83 0.64
0.49 ALA 1.13 0.43
0.88 LYS 2.11 0.42
0.89 ASP 1.51 0.59
0.73 VAL 1.6 0.45
0.26 PHE 2.18 0.12
0.38 LEU 1.8 0.21
0.22 GLY 0.85 0.26
0.68 MET 2.04 0.33
0.07 PHE 2.18 0.03
0.16 LEU 1.8 0.09
0.24 TYR 2.29 0.1
0.33 GLU 1.83 0.18
0.19 TYR 2.29 0.08
0.0 ALA 1.13 0.0
0.23 ARG 2.41 0.09
0.59 ARG 2.41 0.24
0.26 HIS 1.94 0.13
0.54 PRO 1.43 0.38
0.57 ASP 1.51 0.37
0.39 TYR 2.29 0.17
0.0 SER 1.22 0.0
0.1 VAL 1.6 0.06
0.23 VAL 1.6 0.14
0.0 LEU 1.8 0.0
0.12 LEU 1.8 0.07
0.33 LEU 1.8 0.19
0.27 ARG 2.41 0.11
0.03 LEU 1.8 0.02
0.25 ALA 1.13 0.23
1.02 LYS 2.11 0.48
0.37 THR 1.46 0.25
0.1 TYR 2.29 0.04
0.38 GLU 1.83 0.21
0.5 THR 1.46 0.34
0.35 THR 1.46 0.24
0.07 LEU 1.8 0.04
1.02 GLU 1.83 0.56
1.29 LYS 2.11 0.61
0.0 CYX 1.4 0.0
0.35 CYX 1.4 0.25
0.81 ALA 1.13 0.71
0.53 ALA 1.13 0.47
0.95 ALA 1.13 0.84
0.94 ASP 1.51 0.63
0.3 PRO 1.43 0.21
1.05 HIS 1.94 0.54
1.36 GLU 1.83 0.74
0.57 CYX 1.4 0.41
0.09 TYR 2.29 0.04
0.43 ALA 1.13 0.38
1.24 LYS 2.11 0.59
0.12 VAL 1.6 0.08
0.55 PHE 2.18 0.25
0.86 ASP 1.51 0.57
0.83 GLU 1.83 0.45
0.13 PHE 2.18 0.06
1.25 LYS 2.11 0.59
0.71 PRO 1.43 0.49
0.55 LEU 1.8 0.31
0.33 VAL 1.6 0.21
0.96 GLU 1.83 0.52
0.89 GLU 1.83 0.48
0.03 PRO 1.43 0.02
0.8 GLN 1.89 0.43
0.85 ASN 1.58 0.54
0.4 LEU 1.8 0.22
0.26 ILE 1.82 0.15
1.24 LYS 2.11 0.59
1.14 GLN 1.89 0.61
0.25 ASN 1.58 0.16
0.1 CYX 1.4 0.07
0.97 GLU 1.83 0.53
0.63 LEU 1.8 0.35
0.41 PHE 2.18 0.19
1.26 GLU 1.83 0.69
1.05 GLN 1.89 0.56
0.45 LEU 1.8 0.25
0.33 GLY 0.85 0.39
0.77 GLU 1.83 0.42
0.74 TYR 2.29 0.32
1.1 LYS 2.11 0.52
0.03 PHE 2.18 0.02
0.13 GLN 1.89 0.07
0.2 ASN 1.58 0.13
0.47 ALA 1.13 0.41
0.17 LEU 1.8 0.09
0.16 LEU 1.8 0.09
0.4 VAL 1.6 0.25
1.01 ARG 2.41 0.42
0.32 TYR 2.29 0.14
0.02 THR 1.46 0.02
0.66 LYS 2.11 0.31
0.25 LYS 2.11 0.12
0.17 VAL 1.6 0.1
0.17 PRO 1.43 0.12
0.54 GLN 1.89 0.28
0.22 VAL 1.6 0.14
0.62 SER 1.22 0.51
0.18 THR 1.46 0.12
0.88 PRO 1.43 0.62
0.26 THR 1.46 0.18
0.1 LEU 1.8 0.06
0.13 VAL 1.6 0.08
0.82 GLU 1.83 0.45
0.13 VAL 1.6 0.08
0.07 SER 1.22 0.06
0.57 ARG 2.41 0.24
0.39 ASN 1.58 0.25
0.17 LEU 1.8 0.09
0.0 GLY 0.85 0.0
0.83 LYS 2.11 0.39
0.23 VAL 1.6 0.14
0.05 GLY 0.85 0.06
0.55 SER 1.22 0.45
1.13 LYS 2.11 0.54
0.1 CYX 1.4 0.07
0.32 CYX 1.4 0.23
1.57 LYS 2.11 0.75
0.49 HIS 1.94 0.25
0.73 PRO 1.43 0.51
1.3 GLU 1.83 0.71
0.58 ALA 1.13 0.51
0.93 LYS 2.11 0.44
0.62 ARG 2.41 0.26
0.23 MET 2.04 0.11
0.41 PRO 1.43 0.29
0.45 CYX 1.4 0.32
0.07 ALA 1.13 0.06
0.06 GLU 1.83 0.03
0.45 ASP 1.51 0.3
0.5 TYR 2.29 0.22
0.33 LEU 1.8 0.18
0.37 SER 1.22 0.31
0.22 VAL 1.6 0.14
0.1 VAL 1.6 0.06
0.07 LEU 1.8 0.04
0.14 ASN 1.58 0.09
0.42 GLN 1.89 0.22
0.23 LEU 1.8 0.13
0.19 CYX 1.4 0.13
0.28 VAL 1.6 0.17
0.54 LEU 1.8 0.3
0.21 HIS 1.94 0.11
0.95 GLU 1.83 0.52
1.09 LYS 2.11 0.52
0.82 THR 1.46 0.56
0.87 PRO 1.43 0.61
0.74 VAL 1.6 0.46
0.13 SER 1.22 0.11
1.17 ASP 1.51 0.77
0.77 ARG 2.41 0.32
0.0 VAL 1.6 0.0
0.57 THR 1.46 0.39
0.81 LYS 2.11 0.38
0.06 CYX 1.4 0.04
0.1 CYX 1.4 0.07
0.88 THR 1.46 0.6
1.22 GLU 1.83 0.67
0.51 SER 1.22 0.42
0.51 LEU 1.8 0.29
0.43 VAL 1.6 0.27
0.66 ASN 1.58 0.41
0.3 ARG 2.41 0.13
0.28 ARG 2.41 0.12
0.29 PRO 1.43 0.2
0.4 CYX 1.4 0.28
0.12 PHE 2.18 0.06
0.47 SER 1.22 0.39
0.64 ALA 1.13 0.57
0.23 LEU 1.8 0.13
0.93 GLU 1.83 0.51
0.75 VAL 1.6 0.47
0.28 ASP 1.51 0.18
1.39 GLU 1.83 0.76
1.07 THR 1.46 0.73
0.55 TYR 2.29 0.24
1.09 VAL 1.6 0.68
0.72 PRO 1.43 0.5
0.91 LYS 2.11 0.43
1.45 GLU 1.83 0.79
0.87 PHE 2.18 0.4
0.6 ASN 1.58 0.38
0.79 ALA 1.13 0.7
0.86 GLU 1.83 0.47
0.7 THR 1.46 0.48
0.33 PHE 2.18 0.15
0.81 THR 1.46 0.56
0.39 PHE 2.18 0.18
1.23 HIS 1.94 0.63
0.32 ALA 1.13 0.28
0.81 ASP 1.51 0.54
0.16 ILE 1.82 0.09
0.48 CYX 1.4 0.34
0.5 THR 1.46 0.34
0.48 LEU 1.8 0.26
0.49 SER 1.22 0.4
0.85 GLU 1.83 0.46
1.26 LYS 2.11 0.6
0.5 GLU 1.83 0.27
0.34 ARG 2.41 0.14
0.38 GLN 1.89 0.2
0.66 ILE 1.82 0.36
0.68 LYS 2.11 0.32
0.46 LYS 2.11 0.22
0.0 GLN 1.89 0.0
0.5 THR 1.46 0.35
0.17 ALA 1.13 0.15
0.13 LEU 1.8 0.07
0.07 VAL 1.6 0.04
0.54 GLU 1.83 0.29
0.4 LEU 1.8 0.22
0.1 VAL 1.6 0.06
0.35 LYS 2.11 0.17
0.46 HIS 1.94 0.24
0.57 LYS 2.11 0.27
0.41 PRO 1.43 0.29
1.86 LYS 2.11 0.88
0.65 ALA 1.13 0.58
0.35 THR 1.46 0.24
1.15 LYS 2.11 0.55
1.21 GLU 1.83 0.66
0.75 GLN 1.89 0.4
0.19 LEU 1.8 0.1
1.12 LYS 2.11 0.53
0.64 ALA 1.13 0.57
0.35 VAL 1.6 0.22
0.25 MET 2.04 0.12
0.9 ASP 1.51 0.6
0.7 ASP 1.51 0.47
0.23 PHE 2.18 0.11
0.26 ALA 1.13 0.23
0.62 ALA 1.13 0.55
0.2 PHE 2.18 0.09
0.1 VAL 1.6 0.06
1.14 GLU 1.83 0.62
1.33 LYS 2.11 0.63
0.07 CYX 1.4 0.05
0.42 CYX 1.4 0.3
1.4 LYS 2.11 0.66
0.55 ALA 1.13 0.49
1.19 ASP 1.51 0.79
0.54 ASP 1.51 0.36
1.35 LYS 2.11 0.64
1.25 GLU 1.83 0.68
0.56 THR 1.46 0.38
0.3 CYX 1.4 0.21
0.12 PHE 2.18 0.06
0.6 ALA 1.13 0.53
0.91 GLU 1.83 0.5
0.74 GLU 1.83 0.4
0.17 GLY 0.85 0.19
1.36 LYS 2.11 0.65
1.46 LYS 2.11 0.69
0.42 LEU 1.8 0.23
0.36 VAL 1.6 0.23
0.53 ALA 1.13 0.47
0.57 ALA 1.13 0.5
0.25 SER 1.22 0.2
1.07 GLN 1.89 0.56
0.88 ALA 1.13 0.78
0.6 ALA 1.13 0.53
0.58 SER 1.22 0.47
0.63 GLU 1.83 0.35
0.12 VAL 1.6 0.07
0.07 ALA 1.13 0.06
0.68 HIS 1.94 0.35
0.3 ARG 2.41 0.13
0.3 PHE 2.18 0.14
0.9 LYS 2.11 0.42
0.73 ASP 1.51 0.48
0.36 LEU 1.8 0.2
0.3 GLY 0.85 0.35
0.69 GLU 1.83 0.38
1.51 GLU 1.83 0.82
0.58 ASN 1.58 0.36
0.03 PHE 2.18 0.02
0.61 LYS 2.11 0.29
0.23 ALA 1.13 0.2
0.0 LEU 1.8 0.0
0.17 VAL 1.6 0.1
0.13 LEU 1.8 0.07
0.0 ILE 1.82 0.0
0.2 ALA 1.13 0.18
0.07 PHE 2.18 0.03
0.03 ALA 1.13 0.03
0.22 GLN 1.89 0.12
0.4 TYR 2.29 0.17
0.22 LEU 1.8 0.12
0.16 GLN 1.89 0.09
0.87 GLN 1.89 0.46
0.06 CYS 1.4 0.04
0.56 PRO 1.43 0.39
0.42 PHE 2.18 0.19
1.08 GLU 1.83 0.59
0.54 ASP 1.51 0.36
0.02 HIS 1.94 0.01
0.33 VAL 1.6 0.21
1.15 LYS 2.11 0.55
0.23 LEU 1.8 0.13
0.2 VAL 1.6 0.12
0.56 ASN 1.58 0.36
0.66 GLU 1.83 0.36
0.2 VAL 1.6 0.12
0.15 THR 1.46 0.1
0.82 GLU 1.83 0.45
0.63 PHE 2.18 0.29
0.0 ALA 1.13 0.0
0.72 LYS 2.11 0.34
0.7 THR 1.46 0.48
0.0 CYX 1.4 0.0
0.55 VAL 1.6 0.34
0.56 ALA 1.13 0.49
0.74 ASP 1.51 0.49
0.78 GLU 1.83 0.43
0.91 SER 1.22 0.75
0.46 ALA 1.13 0.4
1.38 GLU 1.83 0.76
0.6 ASN 1.58 0.38
0.11 CYX 1.4 0.08
1.02 ASP 1.51 0.68
0.89 LYS 2.11 0.42
0.58 SER 1.22 0.48
0.31 LEU 1.8 0.17
0.71 HIS 1.94 0.36
0.37 THR 1.46 0.26
0.49 LEU 1.8 0.27
0.33 PHE 2.18 0.15
0.07 GLY 0.85 0.08
0.77 ASP 1.51 0.51
0.58 LYS 2.11 0.28
0.12 LEU 1.8 0.07
0.19 CYX 1.4 0.14
1.02 THR 1.46 0.7
0.62 VAL 1.6 0.39
0.02 ALA 1.13 0.02
0.87 THR 1.46 0.59
0.99 LEU 1.8 0.55
1.53 ARG 2.41 0.63
1.72 GLU 1.83 0.94
0.75 THR 1.46 0.51
0.28 TYR 2.29 0.12
0.46 GLY 0.85 0.54
1.31 GLU 1.83 0.72
0.45 MET 2.04 0.22
0.42 ALA 1.13 0.37
0.77 ASP 1.51 0.51
0.0 CYX 1.4 0.0
0.44 CYX 1.4 0.31
0.88 ALA 1.13 0.78
0.92 LYS 2.11 0.44
1.19 GLN 1.89 0.63
0.49 GLU 1.83 0.27
0.4 PRO 1.43 0.28
0.31 GLU 1.83 0.17
0.28 ARG 2.41 0.12
0.08 ASN 1.58 0.05
0.59 GLU 1.83 0.32
0.1 CYX 1.4 0.07
0.09 PHE 2.18 0.04
0.35 LEU 1.8 0.2
0.96 GLN 1.89 0.51
0.52 HIS 1.94 0.27
0.5 LYS 2.11 0.24
0.51 ASP 1.51 0.34
0.52 ASP 1.51 0.35
0.76 ASN 1.58 0.48
0.25 PRO 1.43 0.17
1.26 ASN 1.58 0.8
0.42 LEU 1.8 0.23
0.92 PRO 1.43 0.64
1.88 ARG 2.41 0.78
0.82 LEU 1.8 0.45
1.21 VAL 1.6 0.76
0.93 ARG 2.41 0.39
0.7 PRO 1.43 0.49
1.0 GLU 1.83 0.55
0.32 VAL 1.6 0.2
0.66 ASP 1.51 0.44
0.72 VAL 1.6 0.45
0.33 MET 2.04 0.16
0.07 CYX 1.4 0.05
0.85 THR 1.46 0.58
0.38 ALA 1.13 0.33
0.16 PHE 2.18 0.07
1.12 HIS 1.94 0.58
0.71 ASP 1.51 0.47
0.7 ASN 1.58 0.44
0.8 GLU 1.83 0.44
0.86 GLU 1.83 0.47
0.42 THR 1.46 0.29
0.44 PHE 2.18 0.2
0.36 LEU 1.8 0.2
0.49 LYS 2.11 0.23
0.86 LYS 2.11 0.41
0.35 TYR 2.29 0.15
0.17 LEU 1.8 0.09
0.17 TYR 2.29 0.07
0.39 GLU 1.83 0.21
0.5 ILE 1.82 0.27
0.07 ALA 1.13 0.06
0.39 ARG 2.41 0.16
0.69 ARG 2.41 0.29
0.61 HIS 1.94 0.31
0.09 PRO 1.43 0.06
0.44 TYR 2.29 0.19
0.18 PHE 2.18 0.08
0.31 TYR 2.29 0.14
0.07 ALA 1.13 0.06
0.16 PRO 1.43 0.11
0.15 GLU 1.83 0.08
0.03 LEU 1.8 0.02
0.25 LEU 1.8 0.14
0.26 PHE 2.18 0.12
0.2 PHE 2.18 0.09
0.22 ALA 1.13 0.2
0.82 LYS 2.11 0.39
0.62 ARG 2.41 0.26
0.28 TYR 2.29 0.12
0.76 LYS 2.11 0.36
0.56 ALA 1.13 0.49
0.07 ALA 1.13 0.06
0.03 PHE 2.18 0.02
0.77 THR 1.46 0.53
0.85 GLU 1.83 0.46
0.02 CYX 1.4 0.02
0.17 CYX 1.4 0.12
1.25 GLN 1.89 0.66
0.26 ALA 1.13 0.23
0.81 ALA 1.13 0.71
0.57 ASP 1.51 0.38
0.67 LYS 2.11 0.32
0.31 ALA 1.13 0.28
0.42 ALA 1.13 0.37
0.24 CYX 1.4 0.17
0.03 LEU 1.8 0.02
0.2 LEU 1.8 0.11
0.73 PRO 1.43 0.51
0.58 LYS 2.11 0.28
0.25 LEU 1.8 0.14
0.71 ASP 1.51 0.47
1.04 GLU 1.83 0.57
0.32 LEU 1.8 0.18
1.37 ARG 2.41 0.57
0.95 ASP 1.51 0.63
0.57 GLU 1.83 0.31
0.17 GLY 0.85 0.19
1.08 LYS 2.11 0.51
0.51 ALA 1.13 0.45
0.3 SER 1.22 0.24
0.21 SER 1.22 0.17
0.34 ALA 1.13 0.3
0.92 LYS 2.11 0.44
0.22 GLN 1.89 0.12
0.36 ARG 2.41 0.15
0.46 LEU 1.8 0.26
0.51 LYS 2.11 0.24
0.07 CYX 1.4 0.05
0.13 ALA 1.13 0.12
0.14 SER 1.22 0.11
0.26 LEU 1.8 0.14
0.8 GLN 1.89 0.42
1.1 LYS 2.11 0.52
0.59 PHE 2.18 0.27
0.26 GLY 0.85 0.31
0.71 GLU 1.83 0.39
1.52 ARG 2.41 0.63
0.27 ALA 1.13 0.24
0.0 PHE 2.18 0.0
0.54 LYS 2.11 0.25
0.33 ALA 1.13 0.29
1.02 TRP 2.59 0.39
0.07 ALA 1.13 0.06
0.2 VAL 1.6 0.12
0.0 ALA 1.13 0.0
0.51 ARG 2.41 0.21
0.23 LEU 1.8 0.13
0.03 SER 1.22 0.03
0.22 GLN 1.89 0.11
0.38 ARG 2.41 0.16
0.16 PHE 2.18 0.07
0.03 PRO 1.43 0.02
1.14 LYS 2.11 0.54
0.03 ALA 1.13 0.03
1.18 GLU 1.83 0.64
0.54 PHE 2.18 0.25
0.8 ALA 1.13 0.71
0.57 GLU 1.83 0.31
0.07 VAL 1.6 0.04
0.47 SER 1.22 0.38
0.81 LYS 2.11 0.38
0.09 LEU 1.8 0.05
0.1 VAL 1.6 0.06
0.65 THR 1.46 0.45
0.48 ASP 1.51 0.32
0.4 LEU 1.8 0.22
0.1 THR 1.46 0.07
1.06 LYS 2.11 0.5
0.03 VAL 1.6 0.02
0.11 HIS 1.94 0.05
0.6 THR 1.46 0.41
0.3 GLU 1.83 0.16
0.23 CYX 1.4 0.16
0.12 CYX 1.4 0.09
0.48 HIS 1.94 0.25
0.23 GLY 0.85 0.27
0.29 ASP 1.51 0.19
0.16 LEU 1.8 0.09
0.12 LEU 1.8 0.07
0.33 GLU 1.83 0.18
0.0 CYX 1.4 0.0
0.17 ALA 1.13 0.15
0.16 ASP 1.51 0.11
0.25 ASP 1.51 0.17
0.28 ARG 2.41 0.12
0.29 ALA 1.13 0.25
0.81 ASP 1.51 0.54
0.26 LEU 1.8 0.15
0.13 ALA 1.13 0.12
0.9 LYS 2.11 0.43
0.49 TYR 2.29 0.21
0.2 ILE 1.82 0.11
0.23 CYX 1.4 0.16
1.09 GLU 1.83 0.6
0.52 ASN 1.58 0.33
0.5 GLN 1.89 0.27
1.34 ASP 1.51 0.89
0.74 SER 1.22 0.6
0.03 ILE 1.82 0.02
0.17 SER 1.22 0.14
0.72 SER 1.22 0.59
0.63 LYS 2.11 0.3
0.0 LEU 1.8 0.0
1.13 LYS 2.11 0.53
1.16 GLU 1.83 0.64
0.04 CYX 1.4 0.03
0.35 CYX 1.4 0.25
1.41 GLU 1.83 0.77
1.04 LYS 2.11 0.49
0.83 PRO 1.43 0.58
0.99 LEU 1.8 0.55
0.54 LEU 1.8 0.3
0.42 GLU 1.83 0.23
0.34 LYS 2.11 0.16
0.14 SER 1.22 0.11
0.66 HIS 1.94 0.34
0.34 CYX 1.4 0.25
0.21 ILE 1.82 0.12
0.5 ALA 1.13 0.44
0.97 GLU 1.83 0.53
0.11 VAL 1.6 0.07
1.26 GLU 1.83 0.69
0.59 ASN 1.58 0.38
0.17 ASP 1.51 0.12
0.96 GLU 1.83 0.53
0.69 MET 2.04 0.34
0.33 PRO 1.43 0.23
0.57 ALA 1.13 0.5
0.99 ASP 1.51 0.65
0.56 LEU 1.8 0.31
0.94 PRO 1.43 0.66
0.41 SER 1.22 0.33
0.12 LEU 1.8 0.07
0.17 ALA 1.13 0.15
0.52 ALA 1.13 0.46
0.79 ASP 1.51 0.52
0.2 PHE 2.18 0.09
0.16 VAL 1.6 0.1
0.89 GLU 1.83 0.48
0.42 SER 1.22 0.34
1.21 LYS 2.11 0.57
0.73 ASP 1.51 0.48
0.0 VAL 1.6 0.0
0.35 CYX 1.4 0.25
1.22 LYS 2.11 0.58
0.71 ASN 1.58 0.45
0.13 TYR 2.29 0.06
0.82 ALA 1.13 0.72
1.2 GLU 1.83 0.65
0.52 ALA 1.13 0.46
0.94 LYS 2.11 0.44
1.12 ASP 1.51 0.74
0.79 VAL 1.6 0.5
0.26 PHE 2.18 0.12
0.28 LEU 1.8 0.15
0.2 GLY 0.85 0.23
0.78 MET 2.04 0.38
0.06 PHE 2.18 0.03
0.32 LEU 1.8 0.18
0.17 TYR 2.29 0.07
0.31 GLU 1.83 0.17
0.16 TYR 2.29 0.07
0.0 ALA 1.13 0.0
0.37 ARG 2.41 0.16
0.39 ARG 2.41 0.16
0.35 HIS 1.94 0.18
0.5 PRO 1.43 0.35
0.49 ASP 1.51 0.32
0.25 TYR 2.29 0.11
0.0 SER 1.22 0.0
0.13 VAL 1.6 0.08
0.23 VAL 1.6 0.14
0.0 LEU 1.8 0.0
0.09 LEU 1.8 0.05
0.3 LEU 1.8 0.17
0.26 ARG 2.41 0.11
0.03 LEU 1.8 0.02
0.23 ALA 1.13 0.2
0.96 LYS 2.11 0.46
0.43 THR 1.46 0.29
0.1 TYR 2.29 0.04
0.53 GLU 1.83 0.29
0.6 THR 1.46 0.41
0.26 THR 1.46 0.18
0.07 LEU 1.8 0.04
1.04 GLU 1.83 0.57
1.13 LYS 2.11 0.54
0.07 CYX 1.4 0.05
0.43 CYX 1.4 0.31
0.82 ALA 1.13 0.73
0.47 ALA 1.13 0.41
0.68 ALA 1.13 0.6
0.93 ASP 1.51 0.62
0.3 PRO 1.43 0.21
1.0 HIS 1.94 0.52
1.33 GLU 1.83 0.72
0.44 CYX 1.4 0.31
0.12 TYR 2.29 0.05
0.41 ALA 1.13 0.36
1.29 LYS 2.11 0.61
0.16 VAL 1.6 0.1
0.48 PHE 2.18 0.22
0.93 ASP 1.51 0.62
0.72 GLU 1.83 0.39
0.2 PHE 2.18 0.09
1.06 LYS 2.11 0.5
0.82 PRO 1.43 0.57
0.61 LEU 1.8 0.34
0.26 VAL 1.6 0.17
0.9 GLU 1.83 0.49
0.85 GLU 1.83 0.47
0.1 PRO 1.43 0.07
0.8 GLN 1.89 0.42
0.89 ASN 1.58 0.56
0.5 LEU 1.8 0.28
0.26 ILE 1.82 0.15
1.15 LYS 2.11 0.55
0.8 GLN 1.89 0.42
0.42 ASN 1.58 0.27
0.13 CYX 1.4 0.1
0.92 GLU 1.83 0.5
0.72 LEU 1.8 0.4
0.43 PHE 2.18 0.2
1.2 GLU 1.83 0.66
1.27 GLN 1.89 0.67
0.42 LEU 1.8 0.23
0.26 GLY 0.85 0.31
0.64 GLU 1.83 0.35
0.79 TYR 2.29 0.34
1.1 LYS 2.11 0.52
0.07 PHE 2.18 0.03
0.11 GLN 1.89 0.06
0.29 ASN 1.58 0.18
0.48 ALA 1.13 0.42
0.23 LEU 1.8 0.13
0.16 LEU 1.8 0.09
0.33 VAL 1.6 0.21
0.88 ARG 2.41 0.36
0.38 TYR 2.29 0.17
0.07 THR 1.46 0.05
0.57 LYS 2.11 0.27
0.28 LYS 2.11 0.13
0.07 VAL 1.6 0.04
0.15 PRO 1.43 0.1
0.68 GLN 1.89 0.36
0.23 VAL 1.6 0.14
0.62 SER 1.22 0.51
0.22 THR 1.46 0.15
0.94 PRO 1.43 0.66
0.32 THR 1.46 0.22
0.32 LEU 1.8 0.18
0.2 VAL 1.6 0.12
0.84 GLU 1.83 0.46
0.13 VAL 1.6 0.08
0.08 SER 1.22 0.07
0.43 ARG 2.41 0.18
0.36 ASN 1.58 0.23
0.13 LEU 1.8 0.07
0.05 GLY 0.85 0.06
0.82 LYS 2.11 0.39
0.17 VAL 1.6 0.1
0.05 GLY 0.85 0.06
0.46 SER 1.22 0.38
0.93 LYS 2.11 0.44
0.07 CYX 1.4 0.05
0.38 CYX 1.4 0.27
1.3 LYS 2.11 0.62
0.56 HIS 1.94 0.29
0.86 PRO 1.43 0.6
1.33 GLU 1.83 0.73
0.64 ALA 1.13 0.57
1.21 LYS 2.11 0.57
0.64 ARG 2.41 0.27
0.17 MET 2.04 0.08
0.31 PRO 1.43 0.22
0.43 CYX 1.4 0.31
0.1 ALA 1.13 0.09
0.1 GLU 1.83 0.05
0.38 ASP 1.51 0.25
0.54 TYR 2.29 0.24
0.23 LEU 1.8 0.13
0.39 SER 1.22 0.32
0.33 VAL 1.6 0.21
0.03 VAL 1.6 0.02
0.13 LEU 1.8 0.07
0.1 ASN 1.58 0.07
0.4 GLN 1.89 0.21
0.1 LEU 1.8 0.06
0.16 CYX 1.4 0.11
0.31 VAL 1.6 0.19
0.42 LEU 1.8 0.23
0.33 HIS 1.94 0.17
0.95 GLU 1.83 0.52
1.04 LYS 2.11 0.49
0.9 THR 1.46 0.61
0.78 PRO 1.43 0.55
0.58 VAL 1.6 0.36
0.07 SER 1.22 0.05
1.09 ASP 1.51 0.72
0.62 ARG 2.41 0.26
0.0 VAL 1.6 0.0
0.59 THR 1.46 0.4
0.82 LYS 2.11 0.39
0.06 CYX 1.4 0.04
0.1 CYX 1.4 0.07
0.87 THR 1.46 0.59
1.11 GLU 1.83 0.61
0.42 SER 1.22 0.34
0.55 LEU 1.8 0.31
0.45 VAL 1.6 0.28
0.62 ASN 1.58 0.39
0.4 ARG 2.41 0.17
0.28 ARG 2.41 0.12
0.35 PRO 1.43 0.25
0.44 CYX 1.4 0.31
0.03 PHE 2.18 0.02
0.58 SER 1.22 0.48
0.59 ALA 1.13 0.53
0.39 LEU 1.8 0.22
0.83 GLU 1.83 0.45
0.92 VAL 1.6 0.57
0.35 ASP 1.51 0.23
1.4 GLU 1.83 0.76
1.17 THR 1.46 0.8
0.56 TYR 2.29 0.25
1.0 VAL 1.6 0.62
0.67 PRO 1.43 0.47
0.72 LYS 2.11 0.34
1.4 GLU 1.83 0.76
0.77 PHE 2.18 0.35
0.5 ASN 1.58 0.31
0.7 ALA 1.13 0.62
0.85 GLU 1.83 0.46
0.74 THR 1.46 0.51
0.29 PHE 2.18 0.13
0.92 THR 1.46 0.63
0.31 PHE 2.18 0.14
0.92 HIS 1.94 0.47
0.42 ALA 1.13 0.37
0.53 ASP 1.51 0.35
0.13 ILE 1.82 0.07
0.52 CYX 1.4 0.37
0.52 THR 1.46 0.36
0.34 LEU 1.8 0.19
0.47 SER 1.22 0.38
0.82 GLU 1.83 0.45
1.04 LYS 2.11 0.49
0.8 GLU 1.83 0.44
0.37 ARG 2.41 0.15
0.47 GLN 1.89 0.25
0.53 ILE 1.82 0.29
0.82 LYS 2.11 0.39
0.44 LYS 2.11 0.21
0.03 GLN 1.89 0.02
0.49 THR 1.46 0.34
0.13 ALA 1.13 0.12
0.17 LEU 1.8 0.09
0.0 VAL 1.6 0.0
0.47 GLU 1.83 0.26
0.36 LEU 1.8 0.2
0.07 VAL 1.6 0.04
0.29 LYS 2.11 0.14
0.52 HIS 1.94 0.27
0.58 LYS 2.11 0.27
0.31 PRO 1.43 0.22
1.84 LYS 2.11 0.87
0.59 ALA 1.13 0.53
0.22 THR 1.46 0.15
1.08 LYS 2.11 0.51
1.3 GLU 1.83 0.71
0.82 GLN 1.89 0.43
0.12 LEU 1.8 0.07
1.32 LYS 2.11 0.63
0.54 ALA 1.13 0.48
0.3 VAL 1.6 0.19
0.33 MET 2.04 0.16
0.97 ASP 1.51 0.64
0.72 ASP 1.51 0.47
0.2 PHE 2.18 0.09
0.39 ALA 1.13 0.34
0.52 ALA 1.13 0.46
0.2 PHE 2.18 0.09
0.1 VAL 1.6 0.06
1.23 GLU 1.83 0.67
1.35 LYS 2.11 0.64
0.09 CYX 1.4 0.07
0.49 CYX 1.4 0.35
1.42 LYS 2.11 0.67
0.5 ALA 1.13 0.44
1.34 ASP 1.51 0.88
0.46 ASP 1.51 0.3
1.36 LYS 2.11 0.64
1.1 GLU 1.83 0.6
0.61 THR 1.46 0.42
0.3 CYX 1.4 0.21
0.09 PHE 2.18 0.04
0.65 ALA 1.13 0.57
0.91 GLU 1.83 0.5
0.73 GLU 1.83 0.4
0.2 GLY 0.85 0.23
1.3 LYS 2.11 0.62
1.38 LYS 2.11 0.65
0.46 LEU 1.8 0.26
0.36 VAL 1.6 0.23
0.58 ALA 1.13 0.51
0.66 ALA 1.13 0.58
0.2 SER 1.22 0.16
1.07 GLN 1.89 0.57
0.83 ALA 1.13 0.73
0.52 ALA 1.13 0.46
