0.08 ILE 1.82 0.04
0.17 VAL 1.6 0.1
0.51 GLY 0.85 0.6
0.39 GLY 0.85 0.46
0.96 TYR 2.29 0.42
0.79 THR 1.46 0.54
0.22 CYX 1.4 0.16
0.43 GLY 0.85 0.51
0.63 ALA 1.13 0.56
0.36 ASN 1.58 0.23
0.73 THR 1.46 0.5
0.14 VAL 1.6 0.09
0.47 PRO 1.43 0.33
0.31 TYR 2.29 0.14
0.19 GLN 1.89 0.1
0.07 VAL 1.6 0.04
0.06 SER 1.22 0.05
0.0 LEU 1.8 0.0
0.22 ASN 1.58 0.14
0.41 SER 1.22 0.33
0.65 GLY 0.85 0.76
1.11 TYR 2.29 0.49
0.37 HIS 1.94 0.19
0.37 PHE 2.18 0.17
0.11 CYX 1.4 0.08
0.07 GLY 0.85 0.08
0.0 GLY 0.85 0.0
0.02 SER 1.22 0.02
0.03 LEU 1.8 0.02
0.17 ILE 1.82 0.1
0.55 ASN 1.58 0.35
0.43 SER 1.22 0.35
0.65 GLN 1.89 0.35
0.15 TRP 2.59 0.06
0.0 VAL 1.6 0.0
0.02 VAL 1.6 0.01
0.0 SER 1.22 0.0
0.0 ALA 1.13 0.0
0.05 ALA 1.13 0.04
0.54 HIS 1.94 0.28
0.07 CYX 1.4 0.05
1.33 TYR 2.29 0.58
0.55 LYS 2.11 0.26
0.9 SER 1.22 0.74
0.59 GLY 0.85 0.69
0.19 ILE 1.82 0.1
0.52 GLN 1.89 0.27
0.0 VAL 1.6 0.0
0.48 ARG 2.41 0.2
0.12 LEU 1.8 0.07
0.13 GLY 0.85 0.15
0.17 GLU 1.83 0.09
0.29 ASP 1.51 0.19
0.36 ASN 1.58 0.23
0.54 ILE 1.82 0.3
1.04 ASN 1.58 0.66
0.86 VAL 1.6 0.54
1.14 VAL 1.6 0.71
1.16 GLU 1.83 0.64
0.51 GLY 0.85 0.6
0.82 ASN 1.58 0.52
0.39 GLU 1.83 0.21
0.46 GLN 1.89 0.24
0.8 PHE 2.18 0.37
0.2 ILE 1.82 0.11
0.56 SER 1.22 0.46
0.21 ALA 1.13 0.18
0.68 SER 1.22 0.56
1.02 LYS 2.11 0.48
0.42 SER 1.22 0.35
0.43 ILE 1.82 0.24
0.55 VAL 1.6 0.35
0.29 HIS 1.94 0.15
0.91 PRO 1.43 0.64
0.73 SER 1.22 0.6
0.57 TYR 2.29 0.25
0.58 ASN 1.58 0.37
0.76 SER 1.22 0.62
1.34 ASN 1.58 0.85
0.75 THR 1.46 0.52
0.44 LEU 1.8 0.25
0.4 ASN 1.58 0.25
0.18 ASN 1.58 0.11
0.0 ASP 1.51 0.0
0.0 ILE 1.82 0.0
0.0 MET 2.04 0.0
0.0 LEU 1.8 0.0
0.02 ILE 1.82 0.01
0.41 LYS 2.11 0.19
0.07 LEU 1.8 0.04
1.36 LYS 2.11 0.65
0.56 SER 1.22 0.46
0.56 ALA 1.13 0.5
0.13 ALA 1.13 0.11
0.78 SER 1.22 0.64
0.88 LEU 1.8 0.49
0.86 ASN 1.58 0.55
0.8 SER 1.22 0.66
1.11 ARG 2.41 0.46
0.07 VAL 1.6 0.04
0.33 ALA 1.13 0.29
0.57 SER 1.22 0.47
0.25 ILE 1.82 0.14
0.62 SER 1.22 0.51
0.43 LEU 1.8 0.24
0.08 PRO 1.43 0.06
1.29 THR 1.46 0.89
0.74 SER 1.22 0.6
0.63 CYX 1.4 0.45
0.56 ALA 1.13 0.49
0.69 SER 1.22 0.56
0.62 ALA 1.13 0.55
0.44 GLY 0.85 0.52
0.42 THR 1.46 0.29
1.07 GLN 1.89 0.57
0.16 CYX 1.4 0.11
0.45 LEU 1.8 0.25
0.13 ILE 1.82 0.07
0.07 SER 1.22 0.06
0.03 GLY 0.85 0.04
0.08 TRP 2.59 0.03
0.0 GLY 0.85 0.0
0.1 ASN 1.58 0.06
0.43 THR 1.46 0.3
1.08 LYS 2.11 0.51
0.62 SER 1.22 0.51
0.98 SER 1.22 0.8
0.5 GLY 0.85 0.59
1.09 THR 1.46 0.74
0.5 SER 1.22 0.41
1.17 TYR 2.29 0.51
0.27 PRO 1.43 0.19
0.58 ASP 1.51 0.38
0.43 VAL 1.6 0.27
0.16 LEU 1.8 0.09
0.45 LYS 2.11 0.21
0.07 CYX 1.4 0.05
0.2 LEU 1.8 0.11
1.08 LYS 2.11 0.51
0.05 ALA 1.13 0.04
0.3 PRO 1.43 0.21
0.2 ILE 1.82 0.11
0.39 LEU 1.8 0.22
0.48 SER 1.22 0.4
0.94 ASP 1.51 0.62
0.81 SER 1.22 0.67
0.39 SER 1.22 0.32
0.1 CYX 1.4 0.07
1.09 LYS 2.11 0.52
0.94 SER 1.22 0.77
0.19 ALA 1.13 0.17
0.02 TYR 2.29 0.01
0.94 PRO 1.43 0.66
0.83 GLY 0.85 0.97
0.69 GLN 1.89 0.36
0.29 ILE 1.82 0.16
0.49 THR 1.46 0.33
0.9 SER 1.22 0.74
0.37 ASN 1.58 0.24
0.19 MET 2.04 0.09
0.33 PHE 2.18 0.15
0.0 CYX 1.4 0.0
0.11 ALA 1.13 0.1
0.16 GLY 0.85 0.18
0.54 TYR 2.29 0.24
0.69 LEU 1.8 0.39
1.23 GLU 1.83 0.67
0.16 GLY 0.85 0.18
0.41 GLY 0.85 0.48
0.73 LYS 2.11 0.35
0.26 ASP 1.51 0.17
0.1 SER 1.22 0.09
0.19 CYX 1.4 0.14
1.01 GLN 1.89 0.53
0.12 GLY 0.85 0.15
0.1 ASP 1.51 0.07
0.28 SER 1.22 0.23
0.0 GLY 0.85 0.0
0.03 GLY 0.85 0.04
0.03 PRO 1.43 0.02
0.03 VAL 1.6 0.02
0.21 VAL 1.6 0.13
0.06 CYX 1.4 0.04
0.95 SER 1.22 0.78
0.3 GLY 0.85 0.36
0.74 LYS 2.11 0.35
0.03 LEU 1.8 0.02
0.21 GLN 1.89 0.11
0.0 GLY 0.85 0.0
0.03 ILE 1.82 0.02
0.13 VAL 1.6 0.08
0.14 SER 1.22 0.11
0.68 TRP 2.59 0.26
0.31 GLY 0.85 0.37
0.61 SER 1.22 0.5
0.65 GLY 0.85 0.76
0.26 CYX 1.4 0.18
0.13 ALA 1.13 0.11
0.8 GLN 1.89 0.42
1.03 LYS 2.11 0.49
0.66 ASN 1.58 0.42
0.73 LYS 2.11 0.35
0.17 PRO 1.43 0.12
0.12 GLY 0.85 0.15
0.02 VAL 1.6 0.01
0.06 TYR 2.29 0.02
0.09 THR 1.46 0.06
0.67 LYS 2.11 0.32
0.03 VAL 1.6 0.02
0.3 CYX 1.4 0.22
0.72 ASN 1.58 0.46
0.13 TYR 2.29 0.06
0.2 VAL 1.6 0.12
0.96 SER 1.22 0.79
0.41 TRP 2.59 0.16
0.0 ILE 1.82 0.0
1.23 LYS 2.11 0.58
0.84 GLN 1.89 0.44
0.11 THR 1.46 0.08
0.45 ILE 1.82 0.25
0.84 ALA 1.13 0.75
0.83 SER 1.22 0.68
0.69 ASN 1.58 0.44
