2.02 LYS 2.11 0.96
0.63 GLU 1.83 0.35
0.72 THR 1.46 0.5
0.57 ALA 1.13 0.5
0.26 ALA 1.13 0.23
0.46 ALA 1.13 0.41
0.52 LYS 2.11 0.25
0.2 PHE 2.18 0.09
0.73 GLU 1.83 0.4
0.65 ARG 2.41 0.27
0.4 GLN 1.89 0.21
0.24 HIS 1.94 0.12
0.18 MET 2.04 0.09
0.14 ASP 1.51 0.09
0.76 SER 1.22 0.62
0.87 SER 1.22 0.72
0.62 THR 1.46 0.42
0.76 SER 1.22 0.63
0.47 ALA 1.13 0.42
0.29 ALA 1.13 0.25
0.96 SER 1.22 0.78
0.72 SER 1.22 0.59
0.93 SER 1.22 0.76
0.71 ASN 1.58 0.45
0.26 TYR 2.29 0.12
0.0 CYX 1.4 0.0
0.6 ASN 1.58 0.38
0.96 GLN 1.89 0.51
0.32 MET 2.04 0.16
0.0 MET 2.04 0.0
1.31 LYS 2.11 0.62
0.56 SER 1.22 0.46
0.5 ARG 2.41 0.21
0.36 ASN 1.58 0.23
0.26 LEU 1.8 0.14
0.13 THR 1.46 0.09
0.8 LYS 2.11 0.38
1.26 ASP 1.51 0.84
1.24 ARG 2.41 0.51
0.2 CYX 1.4 0.14
0.58 LYS 2.11 0.27
0.63 PRO 1.43 0.44
0.86 VAL 1.6 0.54
0.06 ASN 1.58 0.04
0.2 THR 1.46 0.14
0.0 PHE 2.18 0.0
0.03 VAL 1.6 0.02
0.14 HIS 1.94 0.07
0.55 GLU 1.83 0.3
0.44 SER 1.22 0.36
0.58 LEU 1.8 0.32
0.62 ALA 1.13 0.55
0.73 ASP 1.51 0.48
0.03 VAL 1.6 0.02
0.43 GLN 1.89 0.23
0.46 ALA 1.13 0.41
0.03 VAL 1.6 0.02
0.15 CYX 1.4 0.1
0.94 SER 1.22 0.77
0.46 GLN 1.89 0.24
0.88 LYS 2.11 0.42
0.82 ASN 1.58 0.52
0.46 VAL 1.6 0.29
0.23 ALA 1.13 0.21
0.23 CYX 1.4 0.16
1.07 LYS 2.11 0.51
0.95 ASN 1.58 0.6
0.34 GLY 0.85 0.41
0.88 GLN 1.89 0.47
0.63 THR 1.46 0.43
0.46 ASN 1.58 0.29
0.0 CYX 1.4 0.0
0.37 TYR 2.29 0.16
0.38 GLN 1.89 0.2
0.03 SER 1.22 0.03
1.3 TYR 2.29 0.57
0.69 SER 1.22 0.57
0.62 THR 1.46 0.42
0.26 MET 2.04 0.13
0.1 SER 1.22 0.08
0.0 ILE 1.82 0.0
0.03 THR 1.46 0.02
0.33 ASP 1.51 0.22
0.0 CYX 1.4 0.0
0.86 ARG 2.41 0.35
0.44 GLU 1.83 0.24
0.49 THR 1.46 0.33
0.21 GLY 0.85 0.25
0.7 SER 1.22 0.58
0.13 SER 1.22 0.1
1.28 LYS 2.11 0.61
0.98 TYR 2.29 0.43
0.83 PRO 1.43 0.58
1.05 ASN 1.58 0.66
0.17 CYX 1.4 0.12
0.23 ALA 1.13 0.2
0.13 TYR 2.29 0.06
0.79 LYS 2.11 0.38
0.37 THR 1.46 0.25
0.57 THR 1.46 0.39
0.74 GLN 1.89 0.39
0.33 ALA 1.13 0.29
0.86 ASN 1.58 0.55
0.6 LYS 2.11 0.28
0.49 HIS 1.94 0.25
0.03 ILE 1.82 0.02
0.23 ILE 1.82 0.13
0.0 VAL 1.6 0.0
0.13 ALA 1.13 0.12
0.05 CYX 1.4 0.03
0.83 GLU 1.83 0.45
0.47 GLY 0.85 0.56
1.32 ASN 1.58 0.84
0.51 PRO 1.43 0.36
1.05 TYR 2.29 0.46
0.17 VAL 1.6 0.1
0.06 PRO 1.43 0.04
0.3 VAL 1.6 0.19
0.84 HIS 1.94 0.43
0.33 PHE 2.18 0.15
0.27 ASP 1.51 0.18
0.3 ALA 1.13 0.26
0.31 SER 1.22 0.25
0.65 VAL 1.6 0.4
