0.11 ILE 1.82 0.06
0.13 VAL 1.6 0.08
0.41 GLY 0.85 0.49
0.37 GLY 0.85 0.43
0.88 TYR 2.29 0.39
0.66 THR 1.46 0.45
0.09 CYX 1.4 0.06
0.61 ALA 1.13 0.54
0.59 ALA 1.13 0.52
0.46 ASN 1.58 0.29
0.52 SER 1.22 0.43
0.2 ILE 1.82 0.11
0.39 PRO 1.43 0.27
0.29 TYR 2.29 0.13
0.13 GLN 1.89 0.07
0.0 VAL 1.6 0.0
0.06 SER 1.22 0.05
0.0 LEU 1.8 0.0
0.18 ASN 1.58 0.12
0.7 SER 1.22 0.58
0.72 GLY 0.85 0.85
0.68 SER 1.22 0.56
0.53 HIP 1.94 0.27
0.46 PHE 2.18 0.21
0.07 CYX 1.4 0.05
0.03 GLY 0.85 0.04
0.0 GLY 0.85 0.0
0.06 SER 1.22 0.05
0.03 LEU 1.8 0.02
0.22 ILE 1.82 0.12
0.56 ASN 1.58 0.35
0.45 SER 1.22 0.37
0.6 GLN 1.89 0.32
0.08 TRP 2.59 0.03
0.0 VAL 1.6 0.0
0.1 VAL 1.6 0.06
0.0 SER 1.22 0.0
0.03 ALA 1.13 0.03
0.05 ALA 1.13 0.04
0.8 HIP 1.94 0.41
0.09 CYX 1.4 0.06
1.13 TYR 2.29 0.49
0.64 LYS 2.11 0.31
0.78 SER 1.22 0.64
1.97 ARG 2.41 0.82
0.14 ILE 1.82 0.08
0.5 GLN 1.89 0.26
0.0 VAL 1.6 0.0
0.51 ARG 2.41 0.21
0.03 LEU 1.8 0.02
0.17 GLY 0.85 0.2
0.31 GLU 1.83 0.17
0.22 HIP 1.94 0.11
0.18 ASN 1.58 0.11
0.46 ILE 1.82 0.25
0.84 ASP 1.51 0.56
0.88 VAL 1.6 0.55
1.4 LEU 1.8 0.78
0.91 GLU 1.83 0.5
0.29 GLY 0.85 0.34
0.59 ASN 1.58 0.38
0.26 GLU 1.83 0.14
0.21 GLN 1.89 0.11
0.7 PHE 2.18 0.32
0.1 ILE 1.82 0.05
0.7 ASN 1.58 0.45
0.25 ALA 1.13 0.23
0.58 ALA 1.13 0.51
0.65 LYS 2.11 0.31
0.43 ILE 1.82 0.24
0.46 ILE 1.82 0.25
0.47 THR 1.46 0.32
0.26 HIE 1.94 0.14
1.0 PRO 1.43 0.7
0.88 ASN 1.58 0.56
0.58 PHE 2.18 0.27
0.58 ASN 1.58 0.37
0.55 GLY 0.85 0.65
1.17 ASN 1.58 0.74
0.67 THR 1.46 0.46
0.54 LEU 1.8 0.3
0.34 ASP 1.51 0.23
0.28 ASN 1.58 0.18
0.01 ASP 1.51 0.01
0.0 ILE 1.82 0.0
0.02 MET 2.04 0.01
0.03 LEU 1.8 0.02
0.03 ILE 1.82 0.02
0.46 LYS 2.11 0.22
0.09 LEU 1.8 0.05
0.72 SER 1.22 0.59
0.3 SER 1.22 0.25
0.74 PRO 1.43 0.51
0.07 ALA 1.13 0.06
0.24 THR 1.46 0.17
0.76 LEU 1.8 0.42
0.78 ASN 1.58 0.49
0.86 SER 1.22 0.71
0.97 ARG 2.41 0.4
0.07 VAL 1.6 0.04
0.33 ALA 1.13 0.29
0.57 THR 1.46 0.39
0.16 VAL 1.6 0.1
0.48 SER 1.22 0.39
0.46 LEU 1.8 0.26
0.17 PRO 1.43 0.12
1.79 ARG 2.41 0.74
0.7 SER 1.22 0.57
0.66 CYX 1.4 0.47
0.31 ALA 1.13 0.28
0.66 ALA 1.13 0.58
0.63 ALA 1.13 0.55
0.5 GLY 0.85 0.58
0.34 THR 1.46 0.23
1.33 GLU 1.83 0.73
0.03 CYX 1.4 0.02
0.41 LEU 1.8 0.23
0.07 ILE 1.82 0.04
0.05 SER 1.22 0.04
0.02 GLY 0.85 0.03
0.05 TRP 2.59 0.02
0.02 GLY 0.85 0.03
0.12 ASN 1.58 0.08
0.3 THR 1.46 0.2
1.18 LYS 2.11 0.56
0.77 SER 1.22 0.63
1.14 SER 1.22 0.94
0.41 GLY 0.85 0.48
0.7 SER 1.22 0.57
0.49 SER 1.22 0.4
1.25 TYR 2.29 0.54
0.27 PRO 1.43 0.19
0.48 SER 1.22 0.4
0.67 LEU 1.8 0.37
0.1 LEU 1.8 0.06
0.3 GLN 1.89 0.16
0.0 CYX 1.4 0.0
0.17 LEU 1.8 0.09
0.83 LYS 2.11 0.39
0.0 ALA 1.13 0.0
0.33 PRO 1.43 0.23
0.16 VAL 1.6 0.1
0.39 LEU 1.8 0.22
0.47 SER 1.22 0.39
1.15 ASP 1.51 0.76
0.47 SER 1.22 0.38
0.25 SER 1.22 0.2
0.04 CYX 1.4 0.03
0.85 LYS 2.11 0.4
0.23 SER 1.22 0.19
0.14 SER 1.22 0.11
0.18 TYR 2.29 0.08
0.45 PRO 1.43 0.31
0.62 GLY 0.85 0.73
0.92 GLN 1.89 0.49
0.21 ILE 1.82 0.11
0.49 THR 1.46 0.33
0.52 GLY 0.85 0.61
0.36 ASN 1.58 0.22
0.17 MET 2.04 0.08
0.33 ILE 1.82 0.18
0.04 CYX 1.4 0.03
0.06 VAL 1.6 0.04
0.09 GLY 0.85 0.11
0.57 PHE 2.18 0.26
0.7 LEU 1.8 0.39
1.18 GLU 1.83 0.65
0.16 GLY 0.85 0.19
0.31 GLY 0.85 0.37
0.76 LYS 2.11 0.36
0.23 ASP 1.51 0.15
0.16 SER 1.22 0.13
0.13 CYX 1.4 0.1
1.39 GLN 1.89 0.73
0.12 GLY 0.85 0.14
0.06 ASP 1.51 0.04
0.21 SER 1.22 0.18
0.05 GLY 0.85 0.06
0.03 GLY 0.85 0.04
0.03 PRO 1.43 0.02
0.0 VAL 1.6 0.0
0.21 VAL 1.6 0.13
0.06 CYX 1.4 0.04
1.05 ASN 1.58 0.66
0.44 GLY 0.85 0.51
0.29 GLN 1.89 0.15
0.0 LEU 1.8 0.0
0.1 GLN 1.89 0.05
0.06 GLY 0.85 0.07
0.07 ILE 1.82 0.04
0.1 VAL 1.6 0.06
0.18 SER 1.22 0.15
0.49 TRP 2.59 0.19
0.37 GLY 0.85 0.44
1.17 TYR 2.29 0.51
0.51 GLY 0.85 0.59
0.25 CYX 1.4 0.18
0.2 ALA 1.13 0.18
0.78 GLN 1.89 0.41
1.49 LYS 2.11 0.71
0.51 ASN 1.58 0.32
0.7 LYS 2.11 0.33
0.17 PRO 1.43 0.12
0.07 GLY 0.85 0.08
0.06 VAL 1.6 0.04
0.04 TYR 2.29 0.02
0.07 THR 1.46 0.05
0.54 LYS 2.11 0.26
0.07 VAL 1.6 0.04
0.27 CYX 1.4 0.19
0.67 ASN 1.58 0.42
0.13 TYR 2.29 0.06
0.51 VAL 1.6 0.32
1.12 ASN 1.58 0.71
0.41 TRP 2.59 0.16
0.03 ILE 1.82 0.02
0.98 GLN 1.89 0.52
1.33 GLN 1.89 0.71
0.24 THR 1.46 0.16
0.33 ILE 1.82 0.18
0.74 ALA 1.13 0.66
0.76 ALA 1.13 0.68
0.81 ASN 1.58 0.51
