1.18 ILE 1.82 0.65
0.82 PRO 1.43 0.57
1.02 GLU 1.83 0.56
1.39 TYR 2.29 0.61
0.21 VAL 1.6 0.13
0.17 ASP 1.51 0.11
0.36 TRP 2.59 0.14
1.1 ARG 2.41 0.46
1.37 GLN 1.89 0.73
1.0 LYS 2.11 0.48
0.35 GLY 0.85 0.42
0.09 ALA 1.13 0.08
0.26 VAL 1.6 0.17
0.12 THR 1.46 0.08
0.83 PRO 1.43 0.58
0.35 VAL 1.6 0.22
0.4 LYS 2.11 0.19
0.85 ASN 1.58 0.54
0.31 GLN 1.89 0.16
0.48 GLY 0.85 0.57
1.07 SER 1.22 0.88
0.09 CYX 1.4 0.06
0.3 GLY 0.85 0.35
0.1 SER 1.22 0.08
0.29 TRP 2.59 0.11
0.0 ALA 1.13 0.0
0.31 PHE 2.18 0.14
0.07 SER 1.22 0.05
0.07 ALA 1.13 0.06
0.07 VAL 1.6 0.04
0.25 VAL 1.6 0.15
0.08 THR 1.46 0.05
0.13 ILE 1.82 0.07
0.18 GLU 1.83 0.1
0.0 GLY 0.85 0.0
0.13 ILE 1.82 0.07
0.2 ILE 1.82 0.11
0.56 LYS 2.11 0.26
0.54 ILE 1.82 0.3
1.12 ARG 2.41 0.47
0.77 THR 1.46 0.53
0.4 GLY 0.85 0.47
0.81 ASN 1.58 0.51
0.81 LEU 1.8 0.45
0.42 ASN 1.58 0.27
0.58 GLN 1.89 0.31
0.1 TYR 2.29 0.05
0.0 SER 1.22 0.0
0.21 GLU 1.83 0.11
0.0 GLN 1.89 0.0
0.13 GLU 1.83 0.07
0.07 LEU 1.8 0.04
0.05 LEU 1.8 0.03
0.02 ASP 1.51 0.02
0.25 CYX 1.4 0.18
0.15 ASP 1.51 0.1
1.56 ARG 2.41 0.65
0.93 ARG 2.41 0.38
0.15 SER 1.22 0.12
1.23 TYR 2.29 0.54
0.03 GLY 0.85 0.04
0.45 CYX 1.4 0.32
1.06 ASN 1.58 0.67
0.2 GLY 0.85 0.23
0.25 GLY 0.85 0.29
0.68 TYR 2.29 0.3
0.23 PRO 1.43 0.16
0.87 TRP 2.59 0.33
0.0 SER 1.22 0.0
0.03 ALA 1.13 0.03
0.1 LEU 1.8 0.06
0.58 GLN 1.89 0.31
0.23 LEU 1.8 0.13
0.0 VAL 1.6 0.0
0.26 ALA 1.13 0.23
0.83 GLN 1.89 0.44
1.23 TYR 2.29 0.54
0.09 GLY 0.85 0.11
0.03 ILE 1.82 0.02
0.1 HIS 1.94 0.05
0.93 TYR 2.29 0.41
0.6 ARG 2.41 0.25
1.31 ASN 1.58 0.83
0.53 THR 1.46 0.37
0.07 TYR 2.29 0.03
0.82 PRO 1.43 0.57
0.6 TYR 2.29 0.26
0.8 GLU 1.83 0.44
0.24 GLY 0.85 0.28
0.69 VAL 1.6 0.43
0.7 GLN 1.89 0.37
1.13 ARG 2.41 0.47
1.45 TYR 2.29 0.63
0.33 CYX 1.4 0.24
0.49 ARG 2.41 0.2
0.08 SER 1.22 0.07
1.16 ARG 2.41 0.48
1.11 GLU 1.83 0.61
0.81 LYS 2.11 0.38
0.33 GLY 0.85 0.38
1.08 PRO 1.43 0.75
0.86 TYR 2.29 0.37
0.43 ALA 1.13 0.38
0.13 ALA 1.13 0.12
0.88 LYS 2.11 0.42
0.07 THR 1.46 0.05
0.78 ASP 1.51 0.52
0.22 GLY 0.85 0.26
0.43 VAL 1.6 0.27
1.27 ARG 2.41 0.53
0.85 GLN 1.89 0.45
0.21 VAL 1.6 0.13
0.99 GLN 1.89 0.52
0.68 PRO 1.43 0.48
1.13 TYR 2.29 0.49
0.5 ASN 1.58 0.32
0.55 GLN 1.89 0.29
0.43 GLY 0.85 0.51
0.25 ALA 1.13 0.22
0.1 LEU 1.8 0.06
0.2 LEU 1.8 0.11
1.36 TYR 2.29 0.6
0.24 SER 1.22 0.2
0.0 ILE 1.82 0.0
0.23 ALA 1.13 0.2
0.74 ASN 1.58 0.47
0.21 GLN 1.89 0.11
0.12 PRO 1.43 0.09
0.02 VAL 1.6 0.02
0.08 SER 1.22 0.07
0.0 VAL 1.6 0.0
0.32 VAL 1.6 0.2
0.03 LEU 1.8 0.02
0.22 GLN 1.89 0.11
0.1 ALA 1.13 0.09
0.68 ALA 1.13 0.61
0.36 GLY 0.85 0.43
0.87 LYS 2.11 0.41
0.76 ASP 1.51 0.5
0.12 PHE 2.18 0.06
0.9 GLN 1.89 0.48
1.17 LEU 1.8 0.65
0.3 TYR 2.29 0.13
1.87 ARG 2.41 0.77
0.31 GLY 0.85 0.37
0.35 GLY 0.85 0.42
0.64 ILE 1.82 0.35
0.17 PHE 2.18 0.08
1.0 VAL 1.6 0.62
0.18 GLY 0.85 0.22
0.84 PRO 1.43 0.59
0.47 CYX 1.4 0.34
0.19 GLY 0.85 0.22
0.66 ASN 1.58 0.42
1.37 LYS 2.11 0.65
0.61 VAL 1.6 0.38
0.77 ASP 1.51 0.51
0.4 HIS 1.94 0.2
0.23 ALA 1.13 0.21
0.07 VAL 1.6 0.04
0.06 ALA 1.13 0.05
0.0 ALA 1.13 0.0
0.0 VAL 1.6 0.0
0.0 GLY 0.85 0.0
0.09 TYR 2.29 0.04
0.0 GLY 0.85 0.0
0.65 PRO 1.43 0.46
0.53 ASN 1.58 0.33
0.44 TYR 2.29 0.19
0.03 ILE 1.82 0.02
0.23 LEU 1.8 0.13
0.03 ILE 1.82 0.02
0.27 LYS 2.11 0.13
0.15 ASN 1.58 0.09
0.16 SER 1.22 0.13
0.63 TRP 2.59 0.25
0.19 GLY 0.85 0.22
0.84 THR 1.46 0.58
0.82 GLY 0.85 0.96
0.17 TRP 2.59 0.06
0.17 GLY 0.85 0.19
0.61 GLU 1.83 0.33
1.02 ASN 1.58 0.65
0.0 GLY 0.85 0.0
0.36 TYR 2.29 0.16
0.0 ILE 1.82 0.0
0.74 ARG 2.41 0.31
0.03 ILE 1.82 0.02
0.61 LYS 2.11 0.29
0.54 ARG 2.41 0.22
0.57 GLY 0.85 0.67
0.82 THR 1.46 0.56
0.63 GLY 0.85 0.74
0.76 ASN 1.58 0.48
0.57 SER 1.22 0.46
1.12 TYR 2.29 0.49
0.09 GLY 0.85 0.11
0.38 VAL 1.6 0.24
0.02 CYX 1.4 0.02
0.0 GLY 0.85 0.0
0.15 LEU 1.8 0.08
0.25 TYR 2.29 0.11
0.51 THR 1.46 0.35
0.39 SER 1.22 0.32
0.18 SER 1.22 0.15
0.33 PHE 2.18 0.15
0.44 TYR 2.29 0.19
0.11 PRO 1.43 0.08
0.43 VAL 1.6 0.27
0.52 LYS 2.11 0.25
1.53 ASN 1.58 0.97
