1.24 CYX 1.4 0.89
0.03 GLY 0.85 0.04
0.91 VAL 1.6 0.57
0.2 PRO 1.43 0.14
0.74 ALA 1.13 0.65
0.63 ILE 1.82 0.34
1.48 GLN 1.89 0.78
0.38 PRO 1.43 0.26
0.22 VAL 1.6 0.14
0.13 ILE 1.82 0.07
0.23 VAL 1.6 0.14
0.92 ASN 1.58 0.58
0.3 GLY 0.85 0.36
0.93 GLU 1.83 0.51
0.95 GLU 1.83 0.52
0.09 ALA 1.13 0.08
0.78 VAL 1.6 0.49
0.71 PRO 1.43 0.49
0.25 GLY 0.85 0.3
0.02 SER 1.22 0.02
0.36 TRP 2.59 0.14
0.11 PRO 1.43 0.08
0.15 TRP 2.59 0.06
0.16 GLN 1.89 0.09
0.03 VAL 1.6 0.02
0.06 SER 1.22 0.05
0.0 LEU 1.8 0.0
0.45 GLN 1.89 0.24
0.24 ASP 1.51 0.16
1.42 LYS 2.11 0.67
0.72 THR 1.46 0.49
0.36 GLY 0.85 0.43
0.82 PHE 2.18 0.37
0.3 HIS 1.94 0.15
0.35 PHE 2.18 0.16
0.11 CYX 1.4 0.08
0.07 GLY 0.85 0.08
0.0 GLY 0.85 0.0
0.02 SER 1.22 0.02
0.03 LEU 1.8 0.02
0.18 ILE 1.82 0.1
0.55 ASN 1.58 0.35
0.77 GLU 1.83 0.42
0.44 ASN 1.58 0.28
0.14 TRP 2.59 0.05
0.0 VAL 1.6 0.0
0.13 VAL 1.6 0.08
0.03 THR 1.46 0.02
0.02 ALA 1.13 0.02
0.18 ALA 1.13 0.16
0.15 HIS 1.94 0.08
0.06 CYX 1.4 0.04
0.22 GLY 0.85 0.26
0.17 VAL 1.6 0.1
0.67 THR 1.46 0.46
0.73 THR 1.46 0.5
0.73 SER 1.22 0.6
0.12 ASP 1.51 0.08
0.5 VAL 1.6 0.31
0.0 VAL 1.6 0.0
0.17 VAL 1.6 0.1
0.06 ALA 1.13 0.05
0.38 GLY 0.85 0.44
0.37 GLU 1.83 0.2
0.46 PHE 2.18 0.21
0.49 ASP 1.51 0.32
0.57 GLN 1.89 0.3
0.55 GLY 0.85 0.64
0.55 SER 1.22 0.45
0.74 SER 1.22 0.6
0.92 SER 1.22 0.76
0.91 GLU 1.83 0.5
0.95 LYS 2.11 0.45
0.63 ILE 1.82 0.35
0.42 GLN 1.89 0.22
1.39 LYS 2.11 0.66
0.17 LEU 1.8 0.09
1.42 LYS 2.11 0.67
0.12 ILE 1.82 0.07
0.53 ALA 1.13 0.47
1.01 LYS 2.11 0.48
0.29 VAL 1.6 0.18
0.4 PHE 2.18 0.18
1.24 LYS 2.11 0.59
0.15 ASN 1.58 0.1
0.96 SER 1.22 0.79
1.32 LYS 2.11 0.63
0.67 TYR 2.29 0.29
0.52 ASN 1.58 0.33
0.5 SER 1.22 0.41
1.35 LEU 1.8 0.75
0.39 THR 1.46 0.27
0.16 ILE 1.82 0.09
0.34 ASN 1.58 0.22
0.27 ASN 1.58 0.17
0.03 ASP 1.51 0.02
0.03 ILE 1.82 0.02
0.13 THR 1.46 0.09
0.03 LEU 1.8 0.02
0.0 LEU 1.8 0.0
0.45 LYS 2.11 0.21
0.09 LEU 1.8 0.05
0.59 SER 1.22 0.49
0.84 THR 1.46 0.58
0.52 ALA 1.13 0.46
0.05 ALA 1.13 0.04
0.58 SER 1.22 0.48
0.65 PHE 2.18 0.3
0.62 SER 1.22 0.51
1.14 GLN 1.89 0.6
0.62 THR 1.46 0.43
0.07 VAL 1.6 0.04
0.33 SER 1.22 0.27
0.22 ALA 1.13 0.2
0.07 VAL 1.6 0.04
0.17 CYX 1.4 0.12
0.5 LEU 1.8 0.28
0.23 PRO 1.43 0.16
0.3 SER 1.22 0.24
0.45 ALA 1.13 0.39
0.42 SER 1.22 0.34
0.27 ASP 1.51 0.18
1.13 ASP 1.51 0.75
0.58 PHE 2.18 0.26
0.52 ALA 1.13 0.46
0.52 ALA 1.13 0.46
0.57 GLY 0.85 0.67
0.49 THR 1.46 0.34
0.87 THR 1.46 0.6
0.03 CYX 1.4 0.02
0.19 VAL 1.6 0.12
0.11 THR 1.46 0.08
0.14 THR 1.46 0.09
0.06 GLY 0.85 0.07
0.23 TRP 2.59 0.09
0.08 GLY 0.85 0.09
0.26 LEU 1.8 0.15
0.46 THR 1.46 0.32
1.26 ARG 2.41 0.52
0.55 TYR 2.29 0.24
0.35 ALA 1.13 0.31
0.23 ASN 1.58 0.14
0.68 THR 1.46 0.47
0.16 PRO 1.43 0.11
0.59 ASP 1.51 0.39
1.1 ARG 2.41 0.46
0.17 LEU 1.8 0.09
0.34 GLN 1.89 0.18
0.38 GLN 1.89 0.2
0.13 ALA 1.13 0.12
0.68 SER 1.22 0.56
0.17 LEU 1.8 0.09
0.46 PRO 1.43 0.32
0.19 LEU 1.8 0.11
0.45 LEU 1.8 0.25
0.41 SER 1.22 0.33
0.45 ASN 1.58 0.28
0.93 THR 1.46 0.64
0.57 ASN 1.58 0.36
0.0 CYX 1.4 0.0
0.8 LYS 2.11 0.38
1.09 LYS 2.11 0.52
1.06 TYR 2.29 0.46
0.45 TRP 2.59 0.17
0.23 GLY 0.85 0.27
1.18 THR 1.46 0.81
1.03 LYS 2.11 0.49
0.14 ILE 1.82 0.08
0.82 LYS 2.11 0.39
1.14 ASP 1.51 0.75
0.2 ALA 1.13 0.18
0.17 MET 2.04 0.08
0.03 ILE 1.82 0.02
0.02 CYX 1.4 0.02
0.05 ALA 1.13 0.04
0.13 GLY 0.85 0.15
0.38 ALA 1.13 0.33
0.79 SER 1.22 0.65
0.23 GLY 0.85 0.27
0.42 VAL 1.6 0.27
0.31 SER 1.22 0.26
0.36 SER 1.22 0.29
0.13 CYX 1.4 0.09
0.61 MET 2.04 0.3
0.28 GLY 0.85 0.33
0.06 ASP 1.51 0.04
0.32 SER 1.22 0.26
0.02 GLY 0.85 0.03
0.07 GLY 0.85 0.08
0.13 PRO 1.43 0.09
0.03 LEU 1.8 0.02
0.07 VAL 1.6 0.04
0.12 CYX 1.4 0.09
1.17 LYS 2.11 0.55
0.87 LYS 2.11 0.41
0.35 ASN 1.58 0.22
0.4 GLY 0.85 0.47
0.2 ALA 1.13 0.18
0.31 TRP 2.59 0.12
0.16 THR 1.46 0.11
0.13 LEU 1.8 0.07
0.18 VAL 1.6 0.11
0.0 GLY 0.85 0.0
0.1 ILE 1.82 0.05
0.26 VAL 1.6 0.17
0.14 SER 1.22 0.11
0.31 TRP 2.59 0.12
0.27 GLY 0.85 0.32
0.24 SER 1.22 0.2
0.31 SER 1.22 0.26
0.36 THR 1.46 0.25
0.18 CYX 1.4 0.13
0.32 SER 1.22 0.26
0.46 THR 1.46 0.32
0.67 SER 1.22 0.55
0.42 THR 1.46 0.29
0.07 PRO 1.43 0.05
0.16 GLY 0.85 0.18
0.02 VAL 1.6 0.01
0.14 TYR 2.29 0.06
0.03 ALA 1.13 0.03
0.62 ARG 2.41 0.26
0.07 VAL 1.6 0.04
0.39 THR 1.46 0.27
0.51 ALA 1.13 0.45
0.17 LEU 1.8 0.09
0.03 VAL 1.6 0.02
0.63 ASN 1.58 0.4
0.72 TRP 2.59 0.28
0.1 VAL 1.6 0.06
0.55 GLN 1.89 0.29
0.89 GLN 1.89 0.47
0.18 THR 1.46 0.12
0.47 LEU 1.8 0.26
0.34 ALA 1.13 0.3
0.8 ALA 1.13 0.71
0.92 ASN 1.58 0.58
0.97 CYX 1.4 0.69
0.06 GLY 0.85 0.07
0.9 VAL 1.6 0.56
0.28 PRO 1.43 0.2
0.7 ALA 1.13 0.62
0.5 ILE 1.82 0.27
1.07 GLN 1.89 0.57
0.56 PRO 1.43 0.39
0.29 VAL 1.6 0.18
0.13 ILE 1.82 0.07
0.2 VAL 1.6 0.12
0.88 ASN 1.58 0.56
0.3 GLY 0.85 0.36
0.91 GLU 1.83 0.49
0.79 GLU 1.83 0.43
0.06 ALA 1.13 0.05
0.65 VAL 1.6 0.41
0.76 PRO 1.43 0.53
0.27 GLY 0.85 0.32
0.0 SER 1.22 0.0
0.23 TRP 2.59 0.09
0.24 PRO 1.43 0.16
0.12 TRP 2.59 0.05
0.28 GLN 1.89 0.15
0.03 VAL 1.6 0.02
0.02 SER 1.22 0.02
0.03 LEU 1.8 0.02
0.48 GLN 1.89 0.26
0.32 ASP 1.51 0.21
1.21 LYS 2.11 0.57
0.74 THR 1.46 0.51
0.44 GLY 0.85 0.52
0.91 PHE 2.18 0.42
0.54 HIS 1.94 0.28
0.38 PHE 2.18 0.18
0.14 CYX 1.4 0.1
0.07 GLY 0.85 0.08
0.0 GLY 0.85 0.0
0.03 SER 1.22 0.03
0.07 LEU 1.8 0.04
0.21 ILE 1.82 0.11
0.55 ASN 1.58 0.35
0.69 GLU 1.83 0.38
0.47 ASN 1.58 0.3
0.16 TRP 2.59 0.06
0.03 VAL 1.6 0.02
0.16 VAL 1.6 0.1
0.0 THR 1.46 0.0
0.02 ALA 1.13 0.02
0.23 ALA 1.13 0.2
0.1 HIS 1.94 0.05
0.02 CYX 1.4 0.02
0.19 GLY 0.85 0.22
0.14 VAL 1.6 0.09
0.6 THR 1.46 0.41
0.75 THR 1.46 0.51
0.56 SER 1.22 0.46
0.09 ASP 1.51 0.06
0.19 VAL 1.6 0.12
0.1 VAL 1.6 0.06
0.11 VAL 1.6 0.07
0.06 ALA 1.13 0.05
0.2 GLY 0.85 0.24
0.5 GLU 1.83 0.27
0.35 PHE 2.18 0.16
0.43 ASP 1.51 0.28
0.39 GLN 1.89 0.2
0.48 GLY 0.85 0.56
0.47 SER 1.22 0.39
0.52 SER 1.22 0.42
0.74 SER 1.22 0.6
0.97 GLU 1.83 0.53
1.72 LYS 2.11 0.82
0.47 ILE 1.82 0.26
0.53 GLN 1.89 0.28
1.13 LYS 2.11 0.53
0.26 LEU 1.8 0.15
0.92 LYS 2.11 0.44
0.17 ILE 1.82 0.09
0.55 ALA 1.13 0.49
0.99 LYS 2.11 0.47
0.4 VAL 1.6 0.25
0.46 PHE 2.18 0.21
1.5 LYS 2.11 0.71
0.31 ASN 1.58 0.19
1.11 SER 1.22 0.91
1.43 LYS 2.11 0.68
0.72 TYR 2.29 0.32
0.6 ASN 1.58 0.38
0.79 SER 1.22 0.65
1.52 LEU 1.8 0.84
0.43 THR 1.46 0.29
0.08 ILE 1.82 0.04
0.29 ASN 1.58 0.18
0.26 ASN 1.58 0.16
0.06 ASP 1.51 0.04
0.07 ILE 1.82 0.04
0.14 THR 1.46 0.09
0.0 LEU 1.8 0.0
0.03 LEU 1.8 0.02
0.46 LYS 2.11 0.22
0.08 LEU 1.8 0.04
0.59 SER 1.22 0.49
0.88 THR 1.46 0.6
0.49 ALA 1.13 0.43
0.09 ALA 1.13 0.08
0.75 SER 1.22 0.61
0.86 PHE 2.18 0.4
0.58 SER 1.22 0.48
1.13 GLN 1.89 0.6
0.53 THR 1.46 0.36
0.07 VAL 1.6 0.04
0.34 SER 1.22 0.28
0.11 ALA 1.13 0.1
0.07 VAL 1.6 0.04
0.2 CYX 1.4 0.14
0.59 LEU 1.8 0.33
0.16 PRO 1.43 0.11
0.19 SER 1.22 0.15
0.45 ALA 1.13 0.4
0.5 SER 1.22 0.41
0.38 ASP 1.51 0.25
1.16 ASP 1.51 0.77
0.49 PHE 2.18 0.23
0.53 ALA 1.13 0.47
0.69 ALA 1.13 0.61
0.54 GLY 0.85 0.63
0.38 THR 1.46 0.26
0.93 THR 1.46 0.63
0.03 CYX 1.4 0.02
0.2 VAL 1.6 0.12
0.12 THR 1.46 0.08
0.18 THR 1.46 0.13
0.1 GLY 0.85 0.12
0.3 TRP 2.59 0.12
0.09 GLY 0.85 0.11
0.36 LEU 1.8 0.2
0.59 THR 1.46 0.4
1.19 ARG 2.41 0.49
0.34 TYR 2.29 0.15
0.36 ALA 1.13 0.32
0.48 ASN 1.58 0.3
0.51 THR 1.46 0.35
0.38 PRO 1.43 0.27
0.56 ASP 1.51 0.37
1.13 ARG 2.41 0.47
0.13 LEU 1.8 0.07
0.36 GLN 1.89 0.19
0.32 GLN 1.89 0.17
0.07 ALA 1.13 0.06
0.64 SER 1.22 0.53
0.17 LEU 1.8 0.09
0.53 PRO 1.43 0.37
0.18 LEU 1.8 0.1
0.45 LEU 1.8 0.25
0.23 SER 1.22 0.19
0.45 ASN 1.58 0.28
0.82 THR 1.46 0.56
0.31 ASN 1.58 0.2
0.0 CYX 1.4 0.0
0.95 LYS 2.11 0.45
1.24 LYS 2.11 0.59
1.11 TYR 2.29 0.49
0.52 TRP 2.59 0.2
0.31 GLY 0.85 0.37
0.63 THR 1.46 0.43
1.09 LYS 2.11 0.52
0.15 ILE 1.82 0.08
0.7 LYS 2.11 0.33
1.23 ASP 1.51 0.82
0.11 ALA 1.13 0.1
0.07 MET 2.04 0.03
0.2 ILE 1.82 0.11
0.03 CYX 1.4 0.02
0.02 ALA 1.13 0.02
0.08 GLY 0.85 0.09
0.33 ALA 1.13 0.3
0.66 SER 1.22 0.54
0.3 GLY 0.85 0.35
0.3 VAL 1.6 0.19
0.27 SER 1.22 0.22
0.31 SER 1.22 0.26
0.15 CYX 1.4 0.1
0.72 MET 2.04 0.35
0.38 GLY 0.85 0.45
0.06 ASP 1.51 0.04
0.27 SER 1.22 0.23
0.02 GLY 0.85 0.03
0.1 GLY 0.85 0.12
0.1 PRO 1.43 0.07
0.0 LEU 1.8 0.0
0.07 VAL 1.6 0.04
0.03 CYX 1.4 0.02
1.16 LYS 2.11 0.55
0.85 LYS 2.11 0.4
0.44 ASN 1.58 0.28
0.35 GLY 0.85 0.41
0.17 ALA 1.13 0.15
0.29 TRP 2.59 0.11
0.14 THR 1.46 0.09
0.1 LEU 1.8 0.06
0.18 VAL 1.6 0.11
0.0 GLY 0.85 0.0
0.09 ILE 1.82 0.05
0.23 VAL 1.6 0.14
0.15 SER 1.22 0.12
0.31 TRP 2.59 0.12
0.09 GLY 0.85 0.11
0.15 SER 1.22 0.12
0.34 SER 1.22 0.28
0.38 THR 1.46 0.26
0.18 CYX 1.4 0.13
0.35 SER 1.22 0.29
0.32 THR 1.46 0.22
0.75 SER 1.22 0.61
0.45 THR 1.46 0.31
0.06 PRO 1.43 0.04
0.12 GLY 0.85 0.15
0.05 VAL 1.6 0.03
0.11 TYR 2.29 0.05
0.13 ALA 1.13 0.12
0.54 ARG 2.41 0.22
0.13 VAL 1.6 0.08
0.39 THR 1.46 0.27
0.4 ALA 1.13 0.35
0.13 LEU 1.8 0.07
0.1 VAL 1.6 0.06
0.63 ASN 1.58 0.4
0.8 TRP 2.59 0.31
0.07 VAL 1.6 0.04
0.56 GLN 1.89 0.3
0.89 GLN 1.89 0.47
0.32 THR 1.46 0.22
0.36 LEU 1.8 0.2
0.35 ALA 1.13 0.31
0.73 ALA 1.13 0.65
0.99 ASN 1.58 0.63
