0.92 GLU 1.83 0.5
1.34 GLN 1.89 0.71
0.24 LEU 1.8 0.13
0.76 THR 1.46 0.52
0.74 LYS 2.11 0.35
0.61 CYX 1.4 0.44
0.57 GLU 1.83 0.31
0.0 VAL 1.6 0.0
0.51 PHE 2.18 0.23
1.49 ARG 2.41 0.62
0.9 GLU 1.83 0.49
0.07 LEU 1.8 0.04
1.42 LYS 2.11 0.67
0.94 ASP 1.51 0.63
0.0 LEU 1.8 0.0
1.08 LYS 2.11 0.51
0.03 GLY 0.85 0.04
0.73 TYR 2.29 0.32
0.51 GLY 0.85 0.6
0.22 GLY 0.85 0.26
0.2 VAL 1.6 0.12
0.1 SER 1.22 0.08
0.2 LEU 1.8 0.11
0.13 PRO 1.43 0.09
0.38 GLU 1.83 0.21
0.06 TRP 2.59 0.02
0.0 VAL 1.6 0.0
0.07 CYX 1.4 0.05
0.02 THR 1.46 0.02
0.0 THR 1.46 0.0
0.84 PHE 2.18 0.39
0.75 HIS 1.94 0.39
0.31 THR 1.46 0.21
0.2 SER 1.22 0.17
0.28 GLY 0.85 0.33
0.22 TYR 2.29 0.1
0.5 ASP 1.51 0.33
0.07 THR 1.46 0.05
0.95 GLN 1.89 0.5
0.2 ALA 1.13 0.18
0.92 ILE 1.82 0.51
0.55 VAL 1.6 0.34
1.28 GLN 1.89 0.68
1.0 ASN 1.58 0.63
1.37 ASN 1.58 0.87
1.07 ASP 1.51 0.71
0.28 SER 1.22 0.23
0.07 THR 1.46 0.05
0.64 GLU 1.83 0.35
0.31 TYR 2.29 0.13
0.03 GLY 0.85 0.04
0.12 LEU 1.8 0.07
0.06 PHE 2.18 0.03
0.11 GLN 1.89 0.06
0.07 ILE 1.82 0.04
0.22 ASN 1.58 0.14
0.0 ASN 1.58 0.0
0.53 LYS 2.11 0.25
0.26 ILE 1.82 0.15
0.03 TRP 2.59 0.01
0.0 CYX 1.4 0.0
1.15 LYS 2.11 0.55
0.33 ASP 1.51 0.22
1.24 ASP 1.51 0.82
0.9 GLN 1.89 0.47
0.36 ASN 1.58 0.23
0.92 PRO 1.43 0.64
1.52 HIS 1.94 0.78
0.14 SER 1.22 0.12
0.25 SER 1.22 0.21
0.34 ASN 1.58 0.21
0.27 ILE 1.82 0.15
0.33 CYX 1.4 0.24
1.02 ASN 1.58 0.65
0.43 ILE 1.82 0.24
0.42 SER 1.22 0.34
0.06 CYX 1.4 0.04
0.78 ASP 1.51 0.52
0.95 LYS 2.11 0.45
0.08 PHE 2.18 0.04
0.51 LEU 1.8 0.28
0.68 ASP 1.51 0.45
1.07 ASP 1.51 0.71
0.81 ASP 1.51 0.53
0.18 LEU 1.8 0.1
0.76 THR 1.46 0.52
0.32 ASP 1.51 0.21
0.17 ASP 1.51 0.12
0.26 ILE 1.82 0.15
1.01 MET 2.04 0.5
0.0 CYX 1.4 0.0
0.0 VAL 1.6 0.0
0.62 LYS 2.11 0.3
0.86 LYS 2.11 0.41
0.0 ILE 1.82 0.0
0.25 LEU 1.8 0.14
1.01 ASP 1.51 0.67
0.49 LYS 2.11 0.23
0.22 VAL 1.6 0.14
0.23 GLY 0.85 0.27
0.32 ILE 1.82 0.18
0.97 ASN 1.58 0.62
0.58 TYR 2.29 0.25
0.15 TRP 2.59 0.06
1.53 LEU 1.8 0.85
0.22 ALA 1.13 0.2
0.35 HIS 1.94 0.18
1.49 LYS 2.11 0.71
0.66 ALA 1.13 0.58
1.12 LEU 1.8 0.62
0.0 CYX 1.4 0.0
0.56 SER 1.22 0.46
0.98 GLU 1.83 0.54
1.44 LYS 2.11 0.68
0.07 LEU 1.8 0.04
0.39 ASP 1.51 0.26
1.07 GLN 1.89 0.57
0.36 TRP 2.59 0.14
0.47 LEU 1.8 0.26
0.36 CYX 1.4 0.26
0.93 GLU 1.83 0.51
1.3 LYS 2.11 0.62
0.88 GLU 1.83 0.48
1.08 GLN 1.89 0.57
0.23 LEU 1.8 0.13
0.73 THR 1.46 0.5
0.81 LYS 2.11 0.39
0.53 CYX 1.4 0.38
0.58 GLU 1.83 0.32
0.06 VAL 1.6 0.04
0.55 PHE 2.18 0.25
1.65 ARG 2.41 0.68
0.89 GLU 1.83 0.48
0.1 LEU 1.8 0.06
1.31 LYS 2.11 0.62
0.99 ASP 1.51 0.66
0.09 LEU 1.8 0.05
1.33 LYS 2.11 0.63
0.46 GLY 0.85 0.54
0.74 TYR 2.29 0.32
0.59 GLY 0.85 0.7
0.68 GLY 0.85 0.8
0.17 VAL 1.6 0.1
0.5 SER 1.22 0.41
0.26 LEU 1.8 0.14
0.26 PRO 1.43 0.18
0.37 GLU 1.83 0.2
0.15 TRP 2.59 0.06
0.03 VAL 1.6 0.02
0.0 CYX 1.4 0.0
0.07 THR 1.46 0.05
0.07 THR 1.46 0.05
0.9 PHE 2.18 0.41
0.66 HIS 1.94 0.34
0.51 THR 1.46 0.35
0.18 SER 1.22 0.15
0.25 GLY 0.85 0.29
0.23 TYR 2.29 0.1
0.47 ASP 1.51 0.31
0.12 THR 1.46 0.08
0.48 GLN 1.89 0.25
0.23 ALA 1.13 0.2
0.14 ILE 1.82 0.08
0.82 VAL 1.6 0.51
0.74 GLN 1.89 0.39
0.7 ASN 1.58 0.44
1.33 ASN 1.58 0.84
1.1 ASP 1.51 0.73
0.13 SER 1.22 0.11
0.05 THR 1.46 0.03
0.5 GLU 1.83 0.27
0.24 TYR 2.29 0.11
0.03 GLY 0.85 0.04
0.06 LEU 1.8 0.03
0.12 PHE 2.18 0.06
0.19 GLN 1.89 0.1
0.03 ILE 1.82 0.02
0.2 ASN 1.58 0.13
0.09 ASN 1.58 0.06
1.17 LYS 2.11 0.56
0.63 ILE 1.82 0.34
0.06 TRP 2.59 0.02
0.0 CYX 1.4 0.0
0.89 LYS 2.11 0.42
0.31 ASP 1.51 0.21
1.14 ASP 1.51 0.75
0.94 GLN 1.89 0.5
0.54 ASN 1.58 0.34
0.79 PRO 1.43 0.55
1.58 HIS 1.94 0.81
0.17 SER 1.22 0.14
0.73 SER 1.22 0.6
0.34 ASN 1.58 0.22
0.69 ILE 1.82 0.38
0.22 CYX 1.4 0.15
1.17 ASN 1.58 0.74
0.5 ILE 1.82 0.27
0.43 SER 1.22 0.35
0.03 CYX 1.4 0.02
0.55 ASP 1.51 0.37
0.94 LYS 2.11 0.44
0.09 PHE 2.18 0.04
0.0 LEU 1.8 0.0
0.43 ASP 1.51 0.28
0.75 ASP 1.51 0.5
0.68 ASP 1.51 0.45
0.19 LEU 1.8 0.11
0.8 THR 1.46 0.55
0.27 ASP 1.51 0.18
0.17 ASP 1.51 0.12
0.23 ILE 1.82 0.13
1.17 MET 2.04 0.58
0.03 CYX 1.4 0.02
0.0 VAL 1.6 0.0
0.62 LYS 2.11 0.3
0.77 LYS 2.11 0.36
0.0 ILE 1.82 0.0
0.23 LEU 1.8 0.13
1.03 ASP 1.51 0.68
1.24 LYS 2.11 0.59
0.94 VAL 1.6 0.59
0.2 GLY 0.85 0.23
0.37 ILE 1.82 0.2
0.97 ASN 1.58 0.61
0.63 TYR 2.29 0.27
0.16 TRP 2.59 0.06
1.45 LEU 1.8 0.81
0.25 ALA 1.13 0.22
0.32 HIS 1.94 0.17
1.63 LYS 2.11 0.77
0.84 ALA 1.13 0.74
1.12 LEU 1.8 0.62
0.0 CYX 1.4 0.0
0.66 SER 1.22 0.54
1.16 GLU 1.83 0.63
1.65 LYS 2.11 0.78
0.45 LEU 1.8 0.25
1.08 ASP 1.51 0.71
0.99 GLN 1.89 0.52
0.38 TRP 2.59 0.15
0.95 LEU 1.8 0.53
0.53 CYX 1.4 0.38
1.29 GLU 1.83 0.7
0.97 GLU 1.83 0.53
1.29 GLN 1.89 0.68
0.1 LEU 1.8 0.06
0.8 THR 1.46 0.55
0.62 LYS 2.11 0.3
0.54 CYX 1.4 0.38
0.78 GLU 1.83 0.43
0.1 VAL 1.6 0.06
0.59 PHE 2.18 0.27
1.6 ARG 2.41 0.66
0.86 GLU 1.83 0.47
0.07 LEU 1.8 0.04
1.04 LYS 2.11 0.49
1.2 ASP 1.51 0.79
0.0 LEU 1.8 0.0
1.38 LYS 2.11 0.66
0.43 GLY 0.85 0.5
0.71 TYR 2.29 0.31
0.66 GLY 0.85 0.78
0.7 GLY 0.85 0.83
0.17 VAL 1.6 0.1
0.43 SER 1.22 0.36
0.19 LEU 1.8 0.11
0.26 PRO 1.43 0.18
0.47 GLU 1.83 0.26
0.09 TRP 2.59 0.03
0.07 VAL 1.6 0.04
0.0 CYX 1.4 0.0
0.03 THR 1.46 0.02
0.09 THR 1.46 0.06
0.9 PHE 2.18 0.41
0.63 HIS 1.94 0.33
0.53 THR 1.46 0.37
0.2 SER 1.22 0.17
0.26 GLY 0.85 0.31
0.17 TYR 2.29 0.07
0.53 ASP 1.51 0.35
0.09 THR 1.46 0.06
1.11 GLN 1.89 0.59
0.2 ALA 1.13 0.18
0.89 ILE 1.82 0.49
0.76 VAL 1.6 0.47
1.11 GLN 1.89 0.59
0.76 ASN 1.58 0.48
1.15 ASN 1.58 0.73
1.3 ASP 1.51 0.86
0.17 SER 1.22 0.14
0.11 THR 1.46 0.08
0.48 GLU 1.83 0.26
0.22 TYR 2.29 0.09
0.07 GLY 0.85 0.08
0.09 LEU 1.8 0.05
0.09 PHE 2.18 0.04
0.2 GLN 1.89 0.11
0.03 ILE 1.82 0.02
0.16 ASN 1.58 0.1
0.22 ASN 1.58 0.14
1.07 LYS 2.11 0.5
0.59 ILE 1.82 0.33
0.12 TRP 2.59 0.04
0.0 CYX 1.4 0.0
0.71 LYS 2.11 0.34
0.33 ASP 1.51 0.22
1.31 ASP 1.51 0.87
0.89 GLN 1.89 0.47
0.69 ASN 1.58 0.43
0.69 PRO 1.43 0.48
1.51 HIS 1.94 0.78
0.18 SER 1.22 0.15
0.59 SER 1.22 0.48
0.4 ASN 1.58 0.26
0.55 ILE 1.82 0.3
0.27 CYX 1.4 0.2
1.09 ASN 1.58 0.69
0.43 ILE 1.82 0.24
0.39 SER 1.22 0.32
0.03 CYX 1.4 0.02
0.92 ASP 1.51 0.61
0.99 LYS 2.11 0.47
0.09 PHE 2.18 0.04
0.39 LEU 1.8 0.22
0.71 ASP 1.51 0.47
0.85 ASP 1.51 0.56
0.82 ASP 1.51 0.54
0.19 LEU 1.8 0.11
0.72 THR 1.46 0.49
0.37 ASP 1.51 0.25
0.12 ASP 1.51 0.08
0.17 ILE 1.82 0.09
1.33 MET 2.04 0.65
0.1 CYX 1.4 0.07
0.0 VAL 1.6 0.0
0.62 LYS 2.11 0.29
0.89 LYS 2.11 0.42
0.0 ILE 1.82 0.0
0.17 LEU 1.8 0.09
0.98 ASP 1.51 0.65
1.15 LYS 2.11 0.54
0.96 VAL 1.6 0.6
0.17 GLY 0.85 0.19
0.38 ILE 1.82 0.21
0.78 ASN 1.58 0.5
0.68 TYR 2.29 0.3
0.19 TRP 2.59 0.07
1.41 LEU 1.8 0.78
0.26 ALA 1.13 0.23
0.26 HIS 1.94 0.13
1.25 LYS 2.11 0.59
0.78 ALA 1.13 0.69
1.01 LEU 1.8 0.56
0.0 CYX 1.4 0.0
0.53 SER 1.22 0.44
1.16 GLU 1.83 0.63
1.54 LYS 2.11 0.73
0.59 LEU 1.8 0.33
1.12 ASP 1.51 0.74
0.99 GLN 1.89 0.53
0.38 TRP 2.59 0.15
0.88 LEU 1.8 0.49
0.27 CYX 1.4 0.19
0.85 GLU 1.83 0.47
1.23 LYS 2.11 0.58
0.91 GLU 1.83 0.5
1.26 GLN 1.89 0.67
0.25 LEU 1.8 0.14
0.72 THR 1.46 0.49
0.63 LYS 2.11 0.3
0.54 CYX 1.4 0.38
0.65 GLU 1.83 0.36
0.0 VAL 1.6 0.0
0.62 PHE 2.18 0.28
1.56 ARG 2.41 0.65
0.8 GLU 1.83 0.44
0.03 LEU 1.8 0.02
1.19 LYS 2.11 0.57
0.98 ASP 1.51 0.65
0.0 LEU 1.8 0.0
1.13 LYS 2.11 0.53
0.15 GLY 0.85 0.18
0.7 TYR 2.29 0.31
0.65 GLY 0.85 0.76
0.4 GLY 0.85 0.47
0.17 VAL 1.6 0.1
0.14 SER 1.22 0.11
0.22 LEU 1.8 0.12
0.3 PRO 1.43 0.21
0.41 GLU 1.83 0.22
0.02 TRP 2.59 0.01
0.03 VAL 1.6 0.02
0.04 CYX 1.4 0.03
0.03 THR 1.46 0.02
0.03 THR 1.46 0.02
0.94 PHE 2.18 0.43
0.76 HIS 1.94 0.39
0.38 THR 1.46 0.26
0.2 SER 1.22 0.17
0.34 GLY 0.85 0.4
0.25 TYR 2.29 0.11
0.52 ASP 1.51 0.34
0.07 THR 1.46 0.05
0.47 GLN 1.89 0.25
0.2 ALA 1.13 0.18
0.33 ILE 1.82 0.18
0.59 VAL 1.6 0.37
0.97 GLN 1.89 0.51
0.63 ASN 1.58 0.4
1.22 ASN 1.58 0.77
1.11 ASP 1.51 0.74
0.2 SER 1.22 0.16
0.12 THR 1.46 0.08
0.56 GLU 1.83 0.31
0.31 TYR 2.29 0.13
0.0 GLY 0.85 0.0
0.0 LEU 1.8 0.0
0.06 PHE 2.18 0.03
0.18 GLN 1.89 0.09
0.03 ILE 1.82 0.02
0.25 ASN 1.58 0.16
0.02 ASN 1.58 0.01
1.25 LYS 2.11 0.59
0.69 ILE 1.82 0.38
0.13 TRP 2.59 0.05
0.0 CYX 1.4 0.0
0.89 LYS 2.11 0.42
0.41 ASP 1.51 0.27
0.97 ASP 1.51 0.64
0.66 GLN 1.89 0.35
0.53 ASN 1.58 0.34
0.76 PRO 1.43 0.53
1.67 HIS 1.94 0.86
0.25 SER 1.22 0.2
0.7 SER 1.22 0.58
0.32 ASN 1.58 0.2
0.67 ILE 1.82 0.37
0.3 CYX 1.4 0.21
1.11 ASN 1.58 0.7
0.43 ILE 1.82 0.24
0.33 SER 1.22 0.27
0.0 CYX 1.4 0.0
0.32 ASP 1.51 0.21
0.87 LYS 2.11 0.41
0.09 PHE 2.18 0.04
0.03 LEU 1.8 0.02
0.54 ASP 1.51 0.36
0.9 ASP 1.51 0.59
0.73 ASP 1.51 0.48
0.28 LEU 1.8 0.16
0.75 THR 1.46 0.52
0.53 ASP 1.51 0.35
0.07 ASP 1.51 0.05
0.1 ILE 1.82 0.05
1.09 MET 2.04 0.53
0.03 CYX 1.4 0.02
0.0 VAL 1.6 0.0
0.56 LYS 2.11 0.26
0.93 LYS 2.11 0.44
0.0 ILE 1.82 0.0
0.32 LEU 1.8 0.18
0.99 ASP 1.51 0.65
1.2 LYS 2.11 0.57
0.88 VAL 1.6 0.55
0.23 GLY 0.85 0.27
0.32 ILE 1.82 0.18
0.99 ASN 1.58 0.62
0.56 TYR 2.29 0.25
0.15 TRP 2.59 0.06
1.33 LEU 1.8 0.74
0.19 ALA 1.13 0.17
0.2 HIS 1.94 0.1
1.4 LYS 2.11 0.66
0.8 ALA 1.13 0.71
0.99 LEU 1.8 0.55
0.11 CYX 1.4 0.08
0.7 SER 1.22 0.58
1.15 GLU 1.83 0.63
1.28 LYS 2.11 0.61
0.26 LEU 1.8 0.14
0.47 ASP 1.51 0.31
1.1 GLN 1.89 0.58
0.35 TRP 2.59 0.13
0.45 LEU 1.8 0.25
0.36 CYX 1.4 0.26
0.85 GLU 1.83 0.47
1.12 LYS 2.11 0.53
0.73 GLU 1.83 0.4
1.22 GLN 1.89 0.64
0.32 LEU 1.8 0.18
0.64 THR 1.46 0.44
0.77 LYS 2.11 0.37
0.45 CYX 1.4 0.32
0.43 GLU 1.83 0.24
0.03 VAL 1.6 0.02
0.59 PHE 2.18 0.27
1.45 ARG 2.41 0.6
0.73 GLU 1.83 0.4
0.07 LEU 1.8 0.04
1.03 LYS 2.11 0.49
0.91 ASP 1.51 0.6
0.0 LEU 1.8 0.0
1.06 LYS 2.11 0.5
0.38 GLY 0.85 0.45
0.68 TYR 2.29 0.3
0.63 GLY 0.85 0.75
0.15 GLY 0.85 0.18
0.13 VAL 1.6 0.08
0.32 SER 1.22 0.26
0.32 LEU 1.8 0.18
0.3 PRO 1.43 0.21
0.07 GLU 1.83 0.04
0.07 TRP 2.59 0.03
0.0 VAL 1.6 0.0
0.0 CYX 1.4 0.0
0.06 THR 1.46 0.04
0.03 THR 1.46 0.02
0.83 PHE 2.18 0.38
0.83 HIS 1.94 0.43
0.45 THR 1.46 0.31
0.12 SER 1.22 0.1
0.32 GLY 0.85 0.37
0.17 TYR 2.29 0.07
0.35 ASP 1.51 0.23
0.07 THR 1.46 0.05
0.55 GLN 1.89 0.29
0.17 ALA 1.13 0.15
0.15 ILE 1.82 0.08
0.83 VAL 1.6 0.52
0.74 GLN 1.89 0.39
0.72 ASN 1.58 0.46
1.45 ASN 1.58 0.92
1.09 ASP 1.51 0.72
0.23 SER 1.22 0.19
0.03 THR 1.46 0.02
0.45 GLU 1.83 0.25
0.18 TYR 2.29 0.08
0.0 GLY 0.85 0.0
0.08 LEU 1.8 0.05
0.07 PHE 2.18 0.03
0.15 GLN 1.89 0.08
0.03 ILE 1.82 0.02
0.17 ASN 1.58 0.11
0.11 ASN 1.58 0.07
1.01 LYS 2.11 0.48
0.3 ILE 1.82 0.16
0.06 TRP 2.59 0.02
0.0 CYX 1.4 0.0
0.96 LYS 2.11 0.46
0.34 ASP 1.51 0.23
0.96 ASP 1.51 0.63
0.78 GLN 1.89 0.41
0.59 ASN 1.58 0.37
0.88 PRO 1.43 0.61
1.27 HIS 1.94 0.66
0.15 SER 1.22 0.12
0.15 SER 1.22 0.12
0.25 ASN 1.58 0.16
0.22 ILE 1.82 0.12
0.14 CYX 1.4 0.1
1.08 ASN 1.58 0.68
0.4 ILE 1.82 0.22
0.5 SER 1.22 0.41
0.03 CYX 1.4 0.02
0.53 ASP 1.51 0.35
0.91 LYS 2.11 0.43
0.07 PHE 2.18 0.03
0.08 LEU 1.8 0.04
0.57 ASP 1.51 0.37
0.9 ASP 1.51 0.59
0.68 ASP 1.51 0.45
0.24 LEU 1.8 0.13
0.92 THR 1.46 0.63
0.37 ASP 1.51 0.25
0.07 ASP 1.51 0.05
0.13 ILE 1.82 0.07
1.33 MET 2.04 0.65
0.07 CYX 1.4 0.05
0.0 VAL 1.6 0.0
0.58 LYS 2.11 0.28
0.91 LYS 2.11 0.43
0.0 ILE 1.82 0.0
0.24 LEU 1.8 0.13
0.94 ASP 1.51 0.62
0.48 LYS 2.11 0.23
0.37 VAL 1.6 0.23
0.17 GLY 0.85 0.19
0.33 ILE 1.82 0.18
0.8 ASN 1.58 0.51
0.56 TYR 2.29 0.25
0.22 TRP 2.59 0.09
1.29 LEU 1.8 0.72
0.22 ALA 1.13 0.2
0.34 HIS 1.94 0.17
1.23 LYS 2.11 0.58
0.73 ALA 1.13 0.65
0.77 LEU 1.8 0.43
0.0 CYX 1.4 0.0
0.33 SER 1.22 0.27
0.85 GLU 1.83 0.46
0.99 LYS 2.11 0.47
0.16 LEU 1.8 0.09
0.68 ASP 1.51 0.45
1.25 GLN 1.89 0.66
0.38 TRP 2.59 0.15
0.85 LEU 1.8 0.47
0.49 CYX 1.4 0.35
1.0 GLU 1.83 0.54
0.89 GLU 1.83 0.49
1.06 GLN 1.89 0.56
0.19 LEU 1.8 0.1
0.69 THR 1.46 0.47
0.78 LYS 2.11 0.37
0.61 CYX 1.4 0.43
0.8 GLU 1.83 0.44
0.0 VAL 1.6 0.0
0.32 PHE 2.18 0.15
1.54 ARG 2.41 0.64
0.8 GLU 1.83 0.44
0.07 LEU 1.8 0.04
1.24 LYS 2.11 0.59
1.05 ASP 1.51 0.69
0.0 LEU 1.8 0.0
1.16 LYS 2.11 0.55
0.35 GLY 0.85 0.41
0.74 TYR 2.29 0.32
0.32 GLY 0.85 0.38
0.05 GLY 0.85 0.06
0.13 VAL 1.6 0.08
0.18 SER 1.22 0.15
0.16 LEU 1.8 0.09
0.3 PRO 1.43 0.21
0.12 GLU 1.83 0.06
0.12 TRP 2.59 0.05
0.03 VAL 1.6 0.02
0.0 CYX 1.4 0.0
0.06 THR 1.46 0.04
0.03 THR 1.46 0.02
0.84 PHE 2.18 0.39
0.76 HIS 1.94 0.39
0.42 THR 1.46 0.29
0.15 SER 1.22 0.12
0.38 GLY 0.85 0.45
0.2 TYR 2.29 0.09
0.43 ASP 1.51 0.28
0.09 THR 1.46 0.06
1.04 GLN 1.89 0.55
0.23 ALA 1.13 0.2
0.83 ILE 1.82 0.46
0.95 VAL 1.6 0.59
1.11 GLN 1.89 0.59
0.68 ASN 1.58 0.43
1.23 ASN 1.58 0.78
1.07 ASP 1.51 0.71
0.29 SER 1.22 0.24
0.0 THR 1.46 0.0
0.65 GLU 1.83 0.35
0.23 TYR 2.29 0.1
0.03 GLY 0.85 0.04
0.0 LEU 1.8 0.0
0.05 PHE 2.18 0.02
0.12 GLN 1.89 0.06
0.03 ILE 1.82 0.02
0.21 ASN 1.58 0.14
0.02 ASN 1.58 0.01
0.56 LYS 2.11 0.26
0.23 ILE 1.82 0.13
0.09 TRP 2.59 0.03
0.02 CYX 1.4 0.02
0.97 LYS 2.11 0.46
0.3 ASP 1.51 0.2
1.25 ASP 1.51 0.83
0.74 GLN 1.89 0.39
0.45 ASN 1.58 0.28
0.66 PRO 1.43 0.46
1.51 HIS 1.94 0.78
0.21 SER 1.22 0.17
0.24 SER 1.22 0.2
0.33 ASN 1.58 0.21
0.26 ILE 1.82 0.15
0.1 CYX 1.4 0.07
1.16 ASN 1.58 0.73
0.4 ILE 1.82 0.22
0.51 SER 1.22 0.42
0.0 CYX 1.4 0.0
0.82 ASP 1.51 0.54
0.99 LYS 2.11 0.47
0.09 PHE 2.18 0.04
0.43 LEU 1.8 0.24
0.69 ASP 1.51 0.46
0.94 ASP 1.51 0.62
0.77 ASP 1.51 0.51
0.22 LEU 1.8 0.12
0.87 THR 1.46 0.6
0.35 ASP 1.51 0.23
0.14 ASP 1.51 0.09
0.26 ILE 1.82 0.15
1.22 MET 2.04 0.6
0.03 CYX 1.4 0.02
0.0 VAL 1.6 0.0
0.63 LYS 2.11 0.3
0.86 LYS 2.11 0.41
0.0 ILE 1.82 0.0
0.19 LEU 1.8 0.11
0.66 ASP 1.51 0.44
0.66 LYS 2.11 0.31
0.52 VAL 1.6 0.33
0.26 GLY 0.85 0.31
0.35 ILE 1.82 0.19
0.81 ASN 1.58 0.51
0.51 TYR 2.29 0.22
0.28 TRP 2.59 0.11
1.42 LEU 1.8 0.79
0.22 ALA 1.13 0.2
0.09 HIS 1.94 0.05
1.44 LYS 2.11 0.68
0.75 ALA 1.13 0.66
1.02 LEU 1.8 0.57
0.03 CYX 1.4 0.02
0.44 SER 1.22 0.36
1.46 GLU 1.83 0.8
1.32 LYS 2.11 0.62
0.31 LEU 1.8 0.17
1.12 ASP 1.51 0.74
0.94 GLN 1.89 0.5
0.41 TRP 2.59 0.16
0.96 LEU 1.8 0.53
0.31 CYX 1.4 0.22
1.17 GLU 1.83 0.64
1.18 LYS 2.11 0.56
