0.0 ARG 2.41 0.0
0.0 PRO 1.43 0.0
0.0 ASP 1.51 0.0
0.0 PHE 2.18 0.0
0.0 CYX 1.4 0.0
0.0 LEU 1.8 0.0
0.0 GLU 1.83 0.0
0.0 PRO 1.43 0.0
0.0 PRO 1.43 0.0
0.0 TYR 2.29 0.0
0.0 THR 1.46 0.0
0.0 GLY 0.85 0.0
0.0 PRO 1.43 0.0
0.0 CYX 1.4 0.0
0.0 LYS 2.11 0.0
0.0 ALA 1.13 0.0
0.0 ARG 2.41 0.0
0.0 ILE 1.82 0.0
0.0 ILE 1.82 0.0
0.0 ARG 2.41 0.0
0.0 TYR 2.29 0.0
0.0 PHE 2.18 0.0
0.0 TYR 2.29 0.0
0.0 ASN 1.58 0.0
0.0 ALA 1.13 0.0
0.0 LYS 2.11 0.0
0.0 ALA 1.13 0.0
0.0 GLY 0.85 0.0
0.0 LEU 1.8 0.0
0.0 CYX 1.4 0.0
0.0 GLN 1.89 0.0
0.0 THR 1.46 0.0
0.0 PHE 2.18 0.0
0.0 VAL 1.6 0.0
0.0 TYR 2.29 0.0
0.0 GLY 0.85 0.0
0.0 GLY 0.85 0.0
0.0 CYX 1.4 0.0
0.0 ARG 2.41 0.0
0.0 ALA 1.13 0.0
0.0 LYS 2.11 0.0
0.0 ARG 2.41 0.0
0.0 ASN 1.58 0.0
0.0 ASN 1.58 0.0
0.0 PHE 2.18 0.0
0.0 LYS 2.11 0.0
0.0 SER 1.22 0.0
0.0 ALA 1.13 0.0
0.0 GLU 1.83 0.0
0.0 ASP 1.51 0.0
0.0 CYX 1.4 0.0
0.0 MET 2.04 0.0
0.0 ARG 2.41 0.0
0.0 THR 1.46 0.0
0.0 CYX 1.4 0.0
0.0 GLY 0.85 0.0
0.0 GLY 0.85 0.0
0.0 ALA 1.13 0.0
